#depth	O  1	O  2	O  3	O  4	O  5	O  6	O  7	O  8	O  9	O1	O1*	O1**
 1.52163e+13	1.78e-02	5.91e-01	3.79e-01	1.18e-02	1.83e-04	2.66e-07	0.00e+00	0.00e+00	0.00e+00	1.70e-02	3.99e-04	4.03e-04
 9.12979e+13	1.78e-02	5.91e-01	3.80e-01	1.18e-02	1.82e-04	0.00e+00	0.00e+00	0.00e+00	0.00e+00	1.70e-02	3.98e-04	4.03e-04
 3.95624e+14	1.77e-02	5.88e-01	3.82e-01	1.18e-02	1.82e-04	0.00e+00	0.00e+00	0.00e+00	0.00e+00	1.69e-02	3.96e-04	4.01e-04
 1.61293e+15	1.75e-02	5.81e-01	3.90e-01	1.17e-02	1.78e-04	0.00e+00	0.00e+00	0.00e+00	0.00e+00	1.67e-02	3.93e-04	3.97e-04
 3.85277e+15	1.66e-02	5.66e-01	4.06e-01	1.18e-02	1.75e-04	0.00e+00	0.00e+00	0.00e+00	0.00e+00	1.58e-02	3.75e-04	3.80e-04
 6.76457e+15	1.63e-02	5.59e-01	4.14e-01	1.14e-02	1.63e-04	0.00e+00	0.00e+00	0.00e+00	0.00e+00	1.56e-02	3.72e-04	3.76e-04
 1.05499e+16	1.66e-02	5.59e-01	4.14e-01	1.04e-02	1.45e-04	0.00e+00	0.00e+00	0.00e+00	0.00e+00	1.58e-02	3.81e-04	3.85e-04
 1.54708e+16	1.78e-02	5.71e-01	4.03e-01	8.79e-03	1.20e-04	0.00e+00	0.00e+00	0.00e+00	0.00e+00	1.70e-02	4.10e-04	4.14e-04
 2.10733e+16	1.98e-02	5.90e-01	3.83e-01	7.09e-03	9.55e-05	0.00e+00	0.00e+00	0.00e+00	0.00e+00	1.89e-02	4.57e-04	4.61e-04
 2.65166e+16	2.27e-02	6.15e-01	3.56e-01	5.52e-03	7.45e-05	0.00e+00	0.00e+00	0.00e+00	0.00e+00	2.17e-02	5.23e-04	5.27e-04
 3.21101e+16	2.71e-02	6.49e-01	3.20e-01	4.05e-03	5.55e-05	0.00e+00	0.00e+00	0.00e+00	0.00e+00	2.59e-02	6.21e-04	6.27e-04
 3.84232e+16	3.40e-02	6.89e-01	2.74e-01	2.69e-03	3.84e-05	0.00e+00	0.00e+00	0.00e+00	0.00e+00	3.24e-02	7.75e-04	7.81e-04
 4.44048e+16	4.26e-02	7.25e-01	2.31e-01	1.77e-03	2.68e-05	0.00e+00	0.00e+00	0.00e+00	0.00e+00	4.06e-02	9.64e-04	9.71e-04
 4.91336e+16	5.16e-02	7.51e-01	1.96e-01	1.22e-03	1.97e-05	0.00e+00	0.00e+00	0.00e+00	0.00e+00	4.93e-02	1.16e-03	1.17e-03
 5.31824e+16	6.16e-02	7.71e-01	1.66e-01	8.56e-04	1.47e-05	0.00e+00	0.00e+00	0.00e+00	0.00e+00	5.88e-02	1.37e-03	1.38e-03
 5.70985e+16	7.35e-02	7.87e-01	1.39e-01	5.87e-04	1.09e-05	0.00e+00	0.00e+00	0.00e+00	0.00e+00	7.03e-02	1.63e-03	1.64e-03
 6.09199e+16	8.81e-02	7.97e-01	1.14e-01	3.93e-04	7.90e-06	0.00e+00	0.00e+00	0.00e+00	0.00e+00	8.42e-02	1.94e-03	1.95e-03
 6.46501e+16	1.06e-01	8.02e-01	9.17e-02	2.56e-04	5.63e-06	0.00e+00	0.00e+00	0.00e+00	0.00e+00	1.01e-01	2.31e-03	2.33e-03
 6.82210e+16	1.27e-01	8.00e-01	7.25e-02	1.64e-04	3.96e-06	0.00e+00	0.00e+00	0.00e+00	0.00e+00	1.22e-01	2.75e-03	2.77e-03
 7.14058e+16	1.51e-01	7.92e-01	5.73e-02	1.06e-04	2.80e-06	0.00e+00	0.00e+00	0.00e+00	0.00e+00	1.44e-01	3.23e-03	3.26e-03
 7.41538e+16	1.75e-01	7.79e-01	4.58e-02	7.09e-05	2.02e-06	0.00e+00	0.00e+00	0.00e+00	0.00e+00	1.68e-01	3.72e-03	3.76e-03
 7.65565e+16	2.01e-01	7.63e-01	3.68e-02	4.83e-05	1.48e-06	0.00e+00	0.00e+00	0.00e+00	0.00e+00	1.92e-01	4.24e-03	4.28e-03
 7.87302e+16	2.27e-01	7.43e-01	2.97e-02	3.37e-05	1.09e-06	0.00e+00	0.00e+00	0.00e+00	0.00e+00	2.17e-01	4.76e-03	4.81e-03
 8.07506e+16	2.55e-01	7.21e-01	2.40e-02	2.37e-05	8.07e-07	0.00e+00	0.00e+00	0.00e+00	0.00e+00	2.44e-01	5.30e-03	5.36e-03
 8.26548e+16	2.84e-01	6.96e-01	1.93e-02	1.68e-05	0.00e+00	0.00e+00	0.00e+00	0.00e+00	0.00e+00	2.73e-01	5.86e-03	5.93e-03
 8.44442e+16	3.15e-01	6.70e-01	1.56e-02	1.20e-05	0.00e+00	0.00e+00	0.00e+00	0.00e+00	0.00e+00	3.02e-01	6.42e-03	6.50e-03
 8.61259e+16	3.46e-01	6.42e-01	1.25e-02	8.70e-06	0.00e+00	0.00e+00	0.00e+00	0.00e+00	0.00e+00	3.32e-01	6.98e-03	7.07e-03
 8.77224e+16	3.77e-01	6.13e-01	1.01e-02	6.40e-06	0.00e+00	0.00e+00	0.00e+00	0.00e+00	0.00e+00	3.62e-01	7.51e-03	7.63e-03
 8.92618e+16	4.09e-01	5.83e-01	8.14e-03	4.74e-06	0.00e+00	0.00e+00	0.00e+00	0.00e+00	0.00e+00	3.92e-01	8.04e-03	8.18e-03
 9.07413e+16	4.40e-01	5.53e-01	6.56e-03	3.56e-06	0.00e+00	0.00e+00	0.00e+00	0.00e+00	0.00e+00	4.23e-01	8.55e-03	8.70e-03
 9.21107e+16	4.70e-01	5.25e-01	5.33e-03	2.73e-06	0.00e+00	0.00e+00	0.00e+00	0.00e+00	0.00e+00	4.52e-01	9.00e-03	9.17e-03
 9.33440e+16	4.97e-01	4.99e-01	4.40e-03	2.17e-06	0.00e+00	0.00e+00	0.00e+00	0.00e+00	0.00e+00	4.78e-01	9.39e-03	9.59e-03
 9.44835e+16	5.21e-01	4.75e-01	3.67e-03	1.76e-06	0.00e+00	0.00e+00	0.00e+00	0.00e+00	0.00e+00	5.02e-01	9.73e-03	9.94e-03
 9.55763e+16	5.45e-01	4.52e-01	3.08e-03	1.44e-06	0.00e+00	0.00e+00	0.00e+00	0.00e+00	0.00e+00	5.24e-01	1.00e-02	1.03e-02
 9.66269e+16	5.67e-01	4.31e-01	2.59e-03	1.20e-06	0.00e+00	0.00e+00	0.00e+00	0.00e+00	0.00e+00	5.46e-01	1.03e-02	1.06e-02
 9.76379e+16	5.88e-01	4.10e-01	2.19e-03	1.01e-06	0.00e+00	0.00e+00	0.00e+00	0.00e+00	0.00e+00	5.66e-01	1.06e-02	1.08e-02
 9.84417e+16	6.03e-01	3.95e-01	1.92e-03	8.87e-07	0.00e+00	0.00e+00	0.00e+00	0.00e+00	0.00e+00	5.82e-01	1.07e-02	1.10e-02
 9.89915e+16	6.13e-01	3.85e-01	1.76e-03	0.00e+00	0.00e+00	0.00e+00	0.00e+00	0.00e+00	0.00e+00	5.92e-01	1.08e-02	1.11e-02
 9.95358e+16	6.24e-01	3.75e-01	1.61e-03	0.00e+00	0.00e+00	0.00e+00	0.00e+00	0.00e+00	0.00e+00	6.02e-01	1.09e-02	1.12e-02
 1.00192e+17	6.37e-01	3.62e-01	1.43e-03	0.00e+00	0.00e+00	0.00e+00	0.00e+00	0.00e+00	0.00e+00	6.14e-01	1.11e-02	1.14e-02
 1.00881e+17	6.50e-01	3.49e-01	1.27e-03	0.00e+00	0.00e+00	0.00e+00	0.00e+00	0.00e+00	0.00e+00	6.27e-01	1.12e-02	1.15e-02
 1.01522e+17	6.61e-01	3.38e-01	1.14e-03	0.00e+00	0.00e+00	0.00e+00	0.00e+00	0.00e+00	0.00e+00	6.38e-01	1.13e-02	1.16e-02
 1.02148e+17	6.72e-01	3.27e-01	1.02e-03	0.00e+00	0.00e+00	0.00e+00	0.00e+00	0.00e+00	0.00e+00	6.49e-01	1.14e-02	1.17e-02
 1.02789e+17	6.83e-01	3.16e-01	9.16e-04	0.00e+00	0.00e+00	0.00e+00	0.00e+00	0.00e+00	0.00e+00	6.60e-01	1.15e-02	1.18e-02
 1.03443e+17	6.94e-01	3.05e-01	8.20e-04	0.00e+00	0.00e+00	0.00e+00	0.00e+00	0.00e+00	0.00e+00	6.71e-01	1.15e-02	1.19e-02
 1.04113e+17	7.05e-01	2.94e-01	7.27e-04	0.00e+00	0.00e+00	0.00e+00	0.00e+00	0.00e+00	0.00e+00	6.82e-01	1.16e-02	1.20e-02
 1.04778e+17	7.16e-01	2.84e-01	6.49e-04	0.00e+00	0.00e+00	0.00e+00	0.00e+00	0.00e+00	0.00e+00	6.92e-01	1.17e-02	1.21e-02
 1.05431e+17	7.26e-01	2.73e-01	5.78e-04	0.00e+00	0.00e+00	0.00e+00	0.00e+00	0.00e+00	0.00e+00	7.02e-01	1.18e-02	1.22e-02
 1.06098e+17	7.35e-01	2.64e-01	5.16e-04	0.00e+00	0.00e+00	0.00e+00	0.00e+00	0.00e+00	0.00e+00	7.11e-01	1.18e-02	1.22e-02
 1.06798e+17	7.46e-01	2.53e-01	4.54e-04	0.00e+00	0.00e+00	0.00e+00	0.00e+00	0.00e+00	0.00e+00	7.22e-01	1.19e-02	1.23e-02
 1.07496e+17	7.55e-01	2.44e-01	4.04e-04	0.00e+00	0.00e+00	0.00e+00	0.00e+00	0.00e+00	0.00e+00	7.31e-01	1.19e-02	1.23e-02
 1.08183e+17	7.65e-01	2.35e-01	3.57e-04	0.00e+00	0.00e+00	0.00e+00	0.00e+00	0.00e+00	0.00e+00	7.41e-01	1.19e-02	1.24e-02
 1.08879e+17	7.73e-01	2.26e-01	3.19e-04	0.00e+00	0.00e+00	0.00e+00	0.00e+00	0.00e+00	0.00e+00	7.49e-01	1.19e-02	1.24e-02
 1.09598e+17	7.83e-01	2.17e-01	2.80e-04	0.00e+00	0.00e+00	0.00e+00	0.00e+00	0.00e+00	0.00e+00	7.58e-01	1.20e-02	1.24e-02
 1.10332e+17	7.91e-01	2.08e-01	2.48e-04	0.00e+00	0.00e+00	0.00e+00	0.00e+00	0.00e+00	0.00e+00	7.67e-01	1.20e-02	1.24e-02
 1.11051e+17	7.99e-01	2.01e-01	2.20e-04	0.00e+00	0.00e+00	0.00e+00	0.00e+00	0.00e+00	0.00e+00	7.75e-01	1.20e-02	1.25e-02
 1.11789e+17	8.06e-01	1.93e-01	1.96e-04	0.00e+00	0.00e+00	0.00e+00	0.00e+00	0.00e+00	0.00e+00	7.82e-01	1.20e-02	1.25e-02
 1.12573e+17	8.15e-01	1.85e-01	1.71e-04	0.00e+00	0.00e+00	0.00e+00	0.00e+00	0.00e+00	0.00e+00	7.90e-01	1.20e-02	1.25e-02
 1.13348e+17	8.22e-01	1.78e-01	1.52e-04	0.00e+00	0.00e+00	0.00e+00	0.00e+00	0.00e+00	0.00e+00	7.98e-01	1.20e-02	1.25e-02
 1.14108e+17	8.29e-01	1.71e-01	1.34e-04	0.00e+00	0.00e+00	0.00e+00	0.00e+00	0.00e+00	0.00e+00	8.05e-01	1.20e-02	1.25e-02
 1.14908e+17	8.36e-01	1.64e-01	1.19e-04	0.00e+00	0.00e+00	0.00e+00	0.00e+00	0.00e+00	0.00e+00	8.11e-01	1.20e-02	1.25e-02
 1.15748e+17	8.42e-01	1.57e-01	1.05e-04	0.00e+00	0.00e+00	0.00e+00	0.00e+00	0.00e+00	0.00e+00	8.18e-01	1.20e-02	1.25e-02
 1.16606e+17	8.49e-01	1.51e-01	9.32e-05	0.00e+00	0.00e+00	0.00e+00	0.00e+00	0.00e+00	0.00e+00	8.24e-01	1.20e-02	1.25e-02
 1.17467e+17	8.55e-01	1.45e-01	8.26e-05	0.00e+00	0.00e+00	0.00e+00	0.00e+00	0.00e+00	0.00e+00	8.30e-01	1.20e-02	1.25e-02
 1.18359e+17	8.60e-01	1.40e-01	7.37e-05	0.00e+00	0.00e+00	0.00e+00	0.00e+00	0.00e+00	0.00e+00	8.36e-01	1.20e-02	1.25e-02
 1.19303e+17	8.66e-01	1.34e-01	6.50e-05	0.00e+00	0.00e+00	0.00e+00	0.00e+00	0.00e+00	0.00e+00	8.42e-01	1.20e-02	1.25e-02
 1.20276e+17	8.71e-01	1.29e-01	5.82e-05	0.00e+00	0.00e+00	0.00e+00	0.00e+00	0.00e+00	0.00e+00	8.46e-01	1.19e-02	1.24e-02
 1.21236e+17	8.76e-01	1.24e-01	5.18e-05	0.00e+00	0.00e+00	0.00e+00	0.00e+00	0.00e+00	0.00e+00	8.52e-01	1.19e-02	1.25e-02
 1.22217e+17	8.80e-01	1.20e-01	4.68e-05	0.00e+00	0.00e+00	0.00e+00	0.00e+00	0.00e+00	0.00e+00	8.56e-01	1.19e-02	1.24e-02
 1.23283e+17	8.84e-01	1.16e-01	4.21e-05	0.00e+00	0.00e+00	0.00e+00	0.00e+00	0.00e+00	0.00e+00	8.60e-01	1.19e-02	1.24e-02
 1.24388e+17	8.88e-01	1.12e-01	3.81e-05	0.00e+00	0.00e+00	0.00e+00	0.00e+00	0.00e+00	0.00e+00	8.63e-01	1.19e-02	1.24e-02
 1.25462e+17	8.91e-01	1.09e-01	3.47e-05	0.00e+00	0.00e+00	0.00e+00	0.00e+00	0.00e+00	0.00e+00	8.67e-01	1.19e-02	1.24e-02
 1.26642e+17	8.95e-01	1.04e-01	3.12e-05	0.00e+00	0.00e+00	0.00e+00	0.00e+00	0.00e+00	0.00e+00	8.71e-01	1.19e-02	1.24e-02
 1.28071e+17	8.99e-01	1.01e-01	2.81e-05	0.00e+00	0.00e+00	0.00e+00	0.00e+00	0.00e+00	0.00e+00	8.75e-01	1.19e-02	1.24e-02
 1.29519e+17	9.03e-01	9.66e-02	2.53e-05	0.00e+00	0.00e+00	0.00e+00	0.00e+00	0.00e+00	0.00e+00	8.79e-01	1.19e-02	1.24e-02
 1.30912e+17	9.06e-01	9.39e-02	2.32e-05	0.00e+00	0.00e+00	0.00e+00	0.00e+00	0.00e+00	0.00e+00	8.82e-01	1.19e-02	1.24e-02
 1.32455e+17	9.09e-01	9.11e-02	2.13e-05	0.00e+00	0.00e+00	0.00e+00	0.00e+00	0.00e+00	0.00e+00	8.85e-01	1.19e-02	1.24e-02
 1.34208e+17	9.12e-01	8.80e-02	1.93e-05	0.00e+00	0.00e+00	0.00e+00	0.00e+00	0.00e+00	0.00e+00	8.88e-01	1.20e-02	1.24e-02
 1.36094e+17	9.15e-01	8.50e-02	1.76e-05	0.00e+00	0.00e+00	0.00e+00	0.00e+00	0.00e+00	0.00e+00	8.91e-01	1.20e-02	1.24e-02
 1.38086e+17	9.18e-01	8.24e-02	1.62e-05	0.00e+00	0.00e+00	0.00e+00	0.00e+00	0.00e+00	0.00e+00	8.93e-01	1.20e-02	1.24e-02
 1.40189e+17	9.20e-01	7.96e-02	1.48e-05	0.00e+00	0.00e+00	0.00e+00	0.00e+00	0.00e+00	0.00e+00	8.96e-01	1.20e-02	1.24e-02
 1.42367e+17	9.23e-01	7.68e-02	1.36e-05	0.00e+00	0.00e+00	0.00e+00	0.00e+00	0.00e+00	0.00e+00	8.99e-01	1.20e-02	1.25e-02
 1.44579e+17	9.26e-01	7.44e-02	1.25e-05	0.00e+00	0.00e+00	0.00e+00	0.00e+00	0.00e+00	0.00e+00	9.01e-01	1.21e-02	1.25e-02
 1.46780e+17	9.28e-01	7.23e-02	1.16e-05	0.00e+00	0.00e+00	0.00e+00	0.00e+00	0.00e+00	0.00e+00	9.03e-01	1.21e-02	1.25e-02
 1.49002e+17	9.30e-01	7.01e-02	1.08e-05	0.00e+00	0.00e+00	0.00e+00	0.00e+00	0.00e+00	0.00e+00	9.05e-01	1.21e-02	1.25e-02
 1.51199e+17	9.32e-01	6.80e-02	1.01e-05	0.00e+00	0.00e+00	0.00e+00	0.00e+00	0.00e+00	0.00e+00	9.07e-01	1.22e-02	1.25e-02
 1.53309e+17	9.34e-01	6.56e-02	9.38e-06	0.00e+00	0.00e+00	0.00e+00	0.00e+00	0.00e+00	0.00e+00	9.10e-01	1.22e-02	1.25e-02
 1.55294e+17	9.36e-01	6.42e-02	8.88e-06	0.00e+00	0.00e+00	0.00e+00	0.00e+00	0.00e+00	0.00e+00	9.11e-01	1.22e-02	1.25e-02
 1.57204e+17	9.38e-01	6.25e-02	8.39e-06	0.00e+00	0.00e+00	0.00e+00	0.00e+00	0.00e+00	0.00e+00	9.13e-01	1.22e-02	1.25e-02
 1.59099e+17	9.39e-01	6.07e-02	7.93e-06	0.00e+00	0.00e+00	0.00e+00	0.00e+00	0.00e+00	0.00e+00	9.14e-01	1.23e-02	1.25e-02
 1.60887e+17	9.41e-01	5.92e-02	7.53e-06	0.00e+00	0.00e+00	0.00e+00	0.00e+00	0.00e+00	0.00e+00	9.16e-01	1.23e-02	1.25e-02
 1.62580e+17	9.42e-01	5.76e-02	7.15e-06	0.00e+00	0.00e+00	0.00e+00	0.00e+00	0.00e+00	0.00e+00	9.18e-01	1.24e-02	1.25e-02
 1.64194e+17	9.44e-01	5.61e-02	6.82e-06	0.00e+00	0.00e+00	0.00e+00	0.00e+00	0.00e+00	0.00e+00	9.19e-01	1.24e-02	1.25e-02
 1.65687e+17	9.45e-01	5.50e-02	6.57e-06	0.00e+00	0.00e+00	0.00e+00	0.00e+00	0.00e+00	0.00e+00	9.20e-01	1.24e-02	1.25e-02
 1.67154e+17	9.47e-01	5.32e-02	6.25e-06	0.00e+00	0.00e+00	0.00e+00	0.00e+00	0.00e+00	0.00e+00	9.22e-01	1.25e-02	1.25e-02
 1.68613e+17	9.48e-01	5.23e-02	6.02e-06	0.00e+00	0.00e+00	0.00e+00	0.00e+00	0.00e+00	0.00e+00	9.23e-01	1.25e-02	1.25e-02
 1.69948e+17	9.49e-01	5.14e-02	5.82e-06	0.00e+00	0.00e+00	0.00e+00	0.00e+00	0.00e+00	0.00e+00	9.24e-01	1.25e-02	1.25e-02
 1.71229e+17	9.50e-01	4.98e-02	5.57e-06	0.00e+00	0.00e+00	0.00e+00	0.00e+00	0.00e+00	0.00e+00	9.25e-01	1.26e-02	1.25e-02
 1.72511e+17	9.51e-01	4.87e-02	5.38e-06	0.00e+00	0.00e+00	0.00e+00	0.00e+00	0.00e+00	0.00e+00	9.26e-01	1.26e-02	1.25e-02
 1.73725e+17	9.52e-01	4.80e-02	5.22e-06	0.00e+00	0.00e+00	0.00e+00	0.00e+00	0.00e+00	0.00e+00	9.27e-01	1.26e-02	1.25e-02
 1.74850e+17	9.53e-01	4.69e-02	5.05e-06	0.00e+00	0.00e+00	0.00e+00	0.00e+00	0.00e+00	0.00e+00	9.28e-01	1.27e-02	1.25e-02
 1.75901e+17	9.54e-01	4.62e-02	4.92e-06	0.00e+00	0.00e+00	0.00e+00	0.00e+00	0.00e+00	0.00e+00	9.29e-01	1.27e-02	1.25e-02
 1.76917e+17	9.55e-01	4.50e-02	4.76e-06	0.00e+00	0.00e+00	0.00e+00	0.00e+00	0.00e+00	0.00e+00	9.30e-01	1.27e-02	1.25e-02
 1.77920e+17	9.56e-01	4.43e-02	4.64e-06	0.00e+00	0.00e+00	0.00e+00	0.00e+00	0.00e+00	0.00e+00	9.30e-01	1.28e-02	1.25e-02
 1.78886e+17	9.57e-01	4.34e-02	4.51e-06	0.00e+00	0.00e+00	0.00e+00	0.00e+00	0.00e+00	0.00e+00	9.31e-01	1.28e-02	1.25e-02
 1.79801e+17	9.57e-01	4.26e-02	4.39e-06	0.00e+00	0.00e+00	0.00e+00	0.00e+00	0.00e+00	0.00e+00	9.32e-01	1.29e-02	1.25e-02
 1.80688e+17	9.58e-01	4.19e-02	4.28e-06	0.00e+00	0.00e+00	0.00e+00	0.00e+00	0.00e+00	0.00e+00	9.33e-01	1.29e-02	1.25e-02
 1.81548e+17	9.59e-01	4.11e-02	4.17e-06	0.00e+00	0.00e+00	0.00e+00	0.00e+00	0.00e+00	0.00e+00	9.33e-01	1.29e-02	1.26e-02
 1.82352e+17	9.60e-01	4.04e-02	4.09e-06	0.00e+00	0.00e+00	0.00e+00	0.00e+00	0.00e+00	0.00e+00	9.34e-01	1.29e-02	1.25e-02
 1.83188e+17	9.60e-01	3.96e-02	3.97e-06	0.00e+00	0.00e+00	0.00e+00	0.00e+00	0.00e+00	0.00e+00	9.35e-01	1.30e-02	1.26e-02
 1.83972e+17	9.61e-01	3.88e-02	3.88e-06	0.00e+00	0.00e+00	0.00e+00	0.00e+00	0.00e+00	0.00e+00	9.36e-01	1.31e-02	1.26e-02
 1.84602e+17	9.62e-01	3.84e-02	3.82e-06	0.00e+00	0.00e+00	0.00e+00	0.00e+00	0.00e+00	0.00e+00	9.36e-01	1.31e-02	1.26e-02
 1.85269e+17	9.62e-01	3.78e-02	3.73e-06	0.00e+00	0.00e+00	0.00e+00	0.00e+00	0.00e+00	0.00e+00	9.37e-01	1.31e-02	1.26e-02
 1.85948e+17	9.63e-01	3.73e-02	3.67e-06	0.00e+00	0.00e+00	0.00e+00	0.00e+00	0.00e+00	0.00e+00	9.37e-01	1.31e-02	1.26e-02
 1.86591e+17	9.63e-01	3.65e-02	3.58e-06	0.00e+00	0.00e+00	0.00e+00	0.00e+00	0.00e+00	0.00e+00	9.38e-01	1.32e-02	1.26e-02
 1.87192e+17	9.64e-01	3.57e-02	3.49e-06	0.00e+00	0.00e+00	0.00e+00	0.00e+00	0.00e+00	0.00e+00	9.38e-01	1.33e-02	1.26e-02
 1.87676e+17	9.65e-01	3.54e-02	3.45e-06	0.00e+00	0.00e+00	0.00e+00	0.00e+00	0.00e+00	0.00e+00	9.39e-01	1.33e-02	1.26e-02
 1.88184e+17	9.65e-01	3.48e-02	3.38e-06	0.00e+00	0.00e+00	0.00e+00	0.00e+00	0.00e+00	0.00e+00	9.39e-01	1.33e-02	1.26e-02
 1.88715e+17	9.66e-01	3.45e-02	3.32e-06	0.00e+00	0.00e+00	0.00e+00	0.00e+00	0.00e+00	0.00e+00	9.39e-01	1.34e-02	1.27e-02
 1.89235e+17	9.66e-01	3.39e-02	3.28e-06	0.00e+00	0.00e+00	0.00e+00	0.00e+00	0.00e+00	0.00e+00	9.40e-01	1.34e-02	1.27e-02
 1.89872e+17	9.67e-01	3.33e-02	3.21e-06	0.00e+00	0.00e+00	0.00e+00	0.00e+00	0.00e+00	0.00e+00	9.41e-01	1.34e-02	1.27e-02
 1.90491e+17	9.67e-01	3.26e-02	3.13e-06	0.00e+00	0.00e+00	0.00e+00	0.00e+00	0.00e+00	0.00e+00	9.41e-01	1.35e-02	1.27e-02
 1.90924e+17	9.68e-01	3.23e-02	3.10e-06	0.00e+00	0.00e+00	0.00e+00	0.00e+00	0.00e+00	0.00e+00	9.42e-01	1.35e-02	1.27e-02
 1.91317e+17	9.68e-01	3.21e-02	3.07e-06	0.00e+00	0.00e+00	0.00e+00	0.00e+00	0.00e+00	0.00e+00	9.42e-01	1.35e-02	1.27e-02
 1.91801e+17	9.69e-01	3.13e-02	2.99e-06	0.00e+00	0.00e+00	0.00e+00	0.00e+00	0.00e+00	0.00e+00	9.42e-01	1.36e-02	1.27e-02
 1.92235e+17	9.69e-01	3.10e-02	2.95e-06	0.00e+00	0.00e+00	0.00e+00	0.00e+00	0.00e+00	0.00e+00	9.43e-01	1.36e-02	1.27e-02
 1.92567e+17	9.69e-01	3.05e-02	2.91e-06	0.00e+00	0.00e+00	0.00e+00	0.00e+00	0.00e+00	0.00e+00	9.43e-01	1.37e-02	1.27e-02
 1.92939e+17	9.70e-01	3.00e-02	2.85e-06	0.00e+00	0.00e+00	0.00e+00	0.00e+00	0.00e+00	0.00e+00	9.44e-01	1.37e-02	1.27e-02
 1.93295e+17	9.70e-01	2.95e-02	2.81e-06	0.00e+00	0.00e+00	0.00e+00	0.00e+00	0.00e+00	0.00e+00	9.44e-01	1.38e-02	1.27e-02
 1.93556e+17	9.71e-01	2.94e-02	2.79e-06	0.00e+00	0.00e+00	0.00e+00	0.00e+00	0.00e+00	0.00e+00	9.44e-01	1.38e-02	1.27e-02
 1.93817e+17	9.71e-01	2.91e-02	2.76e-06	0.00e+00	0.00e+00	0.00e+00	0.00e+00	0.00e+00	0.00e+00	9.44e-01	1.38e-02	1.27e-02
 1.94155e+17	9.71e-01	2.87e-02	2.71e-06	0.00e+00	0.00e+00	0.00e+00	0.00e+00	0.00e+00	0.00e+00	9.45e-01	1.39e-02	1.28e-02
 1.94471e+17	9.72e-01	2.80e-02	2.65e-06	0.00e+00	0.00e+00	0.00e+00	0.00e+00	0.00e+00	0.00e+00	9.45e-01	1.40e-02	1.28e-02
 1.94674e+17	9.72e-01	2.79e-02	2.63e-06	0.00e+00	0.00e+00	0.00e+00	0.00e+00	0.00e+00	0.00e+00	9.45e-01	1.40e-02	1.28e-02
 1.94807e+17	9.72e-01	2.77e-02	2.62e-06	0.00e+00	0.00e+00	0.00e+00	0.00e+00	0.00e+00	0.00e+00	9.45e-01	1.40e-02	1.28e-02
 1.94936e+17	9.72e-01	2.77e-02	2.61e-06	0.00e+00	0.00e+00	0.00e+00	0.00e+00	0.00e+00	0.00e+00	9.45e-01	1.40e-02	1.28e-02
 1.95079e+17	9.72e-01	2.77e-02	2.59e-06	0.00e+00	0.00e+00	0.00e+00	0.00e+00	0.00e+00	0.00e+00	9.45e-01	1.41e-02	1.28e-02
 1.95214e+17	9.73e-01	2.73e-02	2.57e-06	0.00e+00	0.00e+00	0.00e+00	0.00e+00	0.00e+00	0.00e+00	9.46e-01	1.41e-02	1.28e-02
 1.95337e+17	9.73e-01	2.72e-02	2.55e-06	0.00e+00	0.00e+00	0.00e+00	0.00e+00	0.00e+00	0.00e+00	9.46e-01	1.41e-02	1.28e-02
 1.95457e+17	9.73e-01	2.71e-02	2.54e-06	0.00e+00	0.00e+00	0.00e+00	0.00e+00	0.00e+00	0.00e+00	9.46e-01	1.41e-02	1.28e-02
 1.95571e+17	9.73e-01	2.70e-02	2.52e-06	0.00e+00	0.00e+00	0.00e+00	0.00e+00	0.00e+00	0.00e+00	9.46e-01	1.41e-02	1.28e-02
 1.95676e+17	9.73e-01	2.69e-02	2.51e-06	0.00e+00	0.00e+00	0.00e+00	0.00e+00	0.00e+00	0.00e+00	9.46e-01	1.42e-02	1.28e-02
 1.95777e+17	9.73e-01	2.66e-02	2.49e-06	0.00e+00	0.00e+00	0.00e+00	0.00e+00	0.00e+00	0.00e+00	9.46e-01	1.42e-02	1.28e-02
 1.95883e+17	9.73e-01	2.65e-02	2.48e-06	0.00e+00	0.00e+00	0.00e+00	0.00e+00	0.00e+00	0.00e+00	9.46e-01	1.42e-02	1.29e-02
 1.95991e+17	9.74e-01	2.63e-02	2.46e-06	0.00e+00	0.00e+00	0.00e+00	0.00e+00	0.00e+00	0.00e+00	9.47e-01	1.42e-02	1.29e-02
 1.96091e+17	9.74e-01	2.62e-02	2.45e-06	0.00e+00	0.00e+00	0.00e+00	0.00e+00	0.00e+00	0.00e+00	9.47e-01	1.42e-02	1.29e-02
 1.96187e+17	9.74e-01	2.60e-02	2.43e-06	0.00e+00	0.00e+00	0.00e+00	0.00e+00	0.00e+00	0.00e+00	9.47e-01	1.42e-02	1.29e-02
 1.96290e+17	9.74e-01	2.58e-02	2.42e-06	0.00e+00	0.00e+00	0.00e+00	0.00e+00	0.00e+00	0.00e+00	9.47e-01	1.43e-02	1.29e-02
 1.96396e+17	9.74e-01	2.57e-02	2.40e-06	0.00e+00	0.00e+00	0.00e+00	0.00e+00	0.00e+00	0.00e+00	9.47e-01	1.43e-02	1.29e-02
 1.96478e+17	9.74e-01	2.56e-02	2.39e-06	0.00e+00	0.00e+00	0.00e+00	0.00e+00	0.00e+00	0.00e+00	9.47e-01	1.43e-02	1.29e-02
 1.96542e+17	9.75e-01	2.52e-02	2.37e-06	0.00e+00	0.00e+00	0.00e+00	0.00e+00	0.00e+00	0.00e+00	9.48e-01	1.43e-02	1.29e-02
 1.96615e+17	9.75e-01	2.52e-02	2.36e-06	0.00e+00	0.00e+00	0.00e+00	0.00e+00	0.00e+00	0.00e+00	9.47e-01	1.44e-02	1.29e-02
 1.96704e+17	9.75e-01	2.52e-02	2.35e-06	0.00e+00	0.00e+00	0.00e+00	0.00e+00	0.00e+00	0.00e+00	9.48e-01	1.44e-02	1.29e-02
 1.96810e+17	9.75e-01	2.49e-02	2.33e-06	0.00e+00	0.00e+00	0.00e+00	0.00e+00	0.00e+00	0.00e+00	9.48e-01	1.44e-02	1.29e-02
 1.96926e+17	9.75e-01	2.47e-02	2.31e-06	0.00e+00	0.00e+00	0.00e+00	0.00e+00	0.00e+00	0.00e+00	9.48e-01	1.44e-02	1.29e-02
 1.97031e+17	9.76e-01	2.45e-02	2.29e-06	0.00e+00	0.00e+00	0.00e+00	0.00e+00	0.00e+00	0.00e+00	9.48e-01	1.44e-02	1.29e-02
 1.97117e+17	9.76e-01	2.43e-02	2.28e-06	0.00e+00	0.00e+00	0.00e+00	0.00e+00	0.00e+00	0.00e+00	9.48e-01	1.44e-02	1.29e-02
 1.97197e+17	9.76e-01	2.42e-02	2.26e-06	0.00e+00	0.00e+00	0.00e+00	0.00e+00	0.00e+00	0.00e+00	9.48e-01	1.45e-02	1.29e-02
 1.97286e+17	9.76e-01	2.41e-02	2.25e-06	0.00e+00	0.00e+00	0.00e+00	0.00e+00	0.00e+00	0.00e+00	9.49e-01	1.45e-02	1.29e-02
 1.97397e+17	9.76e-01	2.39e-02	2.23e-06	0.00e+00	0.00e+00	0.00e+00	0.00e+00	0.00e+00	0.00e+00	9.49e-01	1.45e-02	1.29e-02
 1.97516e+17	9.76e-01	2.36e-02	2.21e-06	0.00e+00	0.00e+00	0.00e+00	0.00e+00	0.00e+00	0.00e+00	9.49e-01	1.45e-02	1.29e-02
 1.97620e+17	9.77e-01	2.34e-02	2.20e-06	0.00e+00	0.00e+00	0.00e+00	0.00e+00	0.00e+00	0.00e+00	9.49e-01	1.45e-02	1.29e-02
 1.97710e+17	9.77e-01	2.33e-02	2.18e-06	0.00e+00	0.00e+00	0.00e+00	0.00e+00	0.00e+00	0.00e+00	9.49e-01	1.46e-02	1.30e-02
 1.97800e+17	9.77e-01	2.32e-02	2.17e-06	0.00e+00	0.00e+00	0.00e+00	0.00e+00	0.00e+00	0.00e+00	9.49e-01	1.46e-02	1.30e-02
 1.97904e+17	9.77e-01	2.30e-02	2.15e-06	0.00e+00	0.00e+00	0.00e+00	0.00e+00	0.00e+00	0.00e+00	9.49e-01	1.46e-02	1.30e-02
 1.98029e+17	9.77e-01	2.29e-02	2.14e-06	0.00e+00	0.00e+00	0.00e+00	0.00e+00	0.00e+00	0.00e+00	9.50e-01	1.46e-02	1.30e-02
 1.98156e+17	9.77e-01	2.26e-02	2.11e-06	0.00e+00	0.00e+00	0.00e+00	0.00e+00	0.00e+00	0.00e+00	9.50e-01	1.46e-02	1.30e-02
 1.98267e+17	9.78e-01	2.24e-02	2.09e-06	0.00e+00	0.00e+00	0.00e+00	0.00e+00	0.00e+00	0.00e+00	9.50e-01	1.47e-02	1.30e-02
 1.98362e+17	9.78e-01	2.21e-02	2.07e-06	0.00e+00	0.00e+00	0.00e+00	0.00e+00	0.00e+00	0.00e+00	9.50e-01	1.47e-02	1.30e-02
 1.98454e+17	9.78e-01	2.20e-02	2.06e-06	0.00e+00	0.00e+00	0.00e+00	0.00e+00	0.00e+00	0.00e+00	9.50e-01	1.47e-02	1.30e-02
 1.98559e+17	9.78e-01	2.18e-02	2.04e-06	0.00e+00	0.00e+00	0.00e+00	0.00e+00	0.00e+00	0.00e+00	9.50e-01	1.47e-02	1.30e-02
 1.98686e+17	9.78e-01	2.16e-02	2.02e-06	0.00e+00	0.00e+00	0.00e+00	0.00e+00	0.00e+00	0.00e+00	9.51e-01	1.48e-02	1.30e-02
 1.98819e+17	9.79e-01	2.11e-02	1.98e-06	0.00e+00	0.00e+00	0.00e+00	0.00e+00	0.00e+00	0.00e+00	9.51e-01	1.48e-02	1.30e-02
 1.98923e+17	9.79e-01	2.09e-02	1.96e-06	0.00e+00	0.00e+00	0.00e+00	0.00e+00	0.00e+00	0.00e+00	9.51e-01	1.48e-02	1.30e-02
 1.99009e+17	9.79e-01	2.07e-02	1.94e-06	0.00e+00	0.00e+00	0.00e+00	0.00e+00	0.00e+00	0.00e+00	9.51e-01	1.49e-02	1.30e-02
 1.99115e+17	9.79e-01	2.06e-02	1.93e-06	0.00e+00	0.00e+00	0.00e+00	0.00e+00	0.00e+00	0.00e+00	9.51e-01	1.49e-02	1.30e-02
 1.99252e+17	9.80e-01	2.02e-02	1.89e-06	0.00e+00	0.00e+00	0.00e+00	0.00e+00	0.00e+00	0.00e+00	9.52e-01	1.50e-02	1.31e-02
 1.99384e+17	9.80e-01	1.95e-02	1.83e-06	0.00e+00	0.00e+00	0.00e+00	0.00e+00	0.00e+00	0.00e+00	9.52e-01	1.50e-02	1.31e-02
 1.99487e+17	9.81e-01	1.92e-02	1.80e-06	0.00e+00	0.00e+00	0.00e+00	0.00e+00	0.00e+00	0.00e+00	9.53e-01	1.51e-02	1.31e-02
 1.99580e+17	9.81e-01	1.87e-02	1.76e-06	0.00e+00	0.00e+00	0.00e+00	0.00e+00	0.00e+00	0.00e+00	9.53e-01	1.52e-02	1.31e-02
 1.99665e+17	9.82e-01	1.81e-02	1.69e-06	0.00e+00	0.00e+00	0.00e+00	0.00e+00	0.00e+00	0.00e+00	9.53e-01	1.53e-02	1.31e-02
 1.99743e+17	9.89e-01	1.06e-02	9.24e-07	0.00e+00	0.00e+00	0.00e+00	0.00e+00	0.00e+00	0.00e+00	9.59e-01	1.72e-02	1.34e-02
 1.99813e+17	9.90e-01	1.00e-02	8.61e-07	0.00e+00	0.00e+00	0.00e+00	0.00e+00	0.00e+00	0.00e+00	9.59e-01	1.74e-02	1.34e-02
 1.99877e+17	9.90e-01	9.54e-03	8.15e-07	0.00e+00	0.00e+00	0.00e+00	0.00e+00	0.00e+00	0.00e+00	9.60e-01	1.75e-02	1.33e-02
 1.99936e+17	9.91e-01	9.25e-03	7.84e-07	0.00e+00	0.00e+00	0.00e+00	0.00e+00	0.00e+00	0.00e+00	9.60e-01	1.76e-02	1.33e-02
 1.99989e+17	9.91e-01	9.09e-03	7.65e-07	0.00e+00	0.00e+00	0.00e+00	0.00e+00	0.00e+00	0.00e+00	9.60e-01	1.77e-02	1.33e-02
 2.00047e+17	9.91e-01	8.89e-03	7.48e-07	0.00e+00	0.00e+00	0.00e+00	0.00e+00	0.00e+00	0.00e+00	9.60e-01	1.77e-02	1.33e-02
 2.00123e+17	9.91e-01	8.52e-03	7.08e-07	0.00e+00	0.00e+00	0.00e+00	0.00e+00	0.00e+00	0.00e+00	9.60e-01	1.78e-02	1.33e-02
 2.00204e+17	9.92e-01	8.09e-03	6.69e-07	0.00e+00	0.00e+00	0.00e+00	0.00e+00	0.00e+00	0.00e+00	9.61e-01	1.79e-02	1.32e-02
 2.00279e+17	9.92e-01	7.91e-03	6.52e-07	0.00e+00	0.00e+00	0.00e+00	0.00e+00	0.00e+00	0.00e+00	9.61e-01	1.80e-02	1.32e-02
 2.00346e+17	9.92e-01	7.73e-03	6.36e-07	0.00e+00	0.00e+00	0.00e+00	0.00e+00	0.00e+00	0.00e+00	9.61e-01	1.80e-02	1.32e-02
 2.00408e+17	9.92e-01	7.56e-03	6.21e-07	0.00e+00	0.00e+00	0.00e+00	0.00e+00	0.00e+00	0.00e+00	9.61e-01	1.81e-02	1.32e-02
 2.00475e+17	9.93e-01	7.42e-03	6.06e-07	0.00e+00	0.00e+00	0.00e+00	0.00e+00	0.00e+00	0.00e+00	9.61e-01	1.81e-02	1.31e-02
 2.00563e+17	9.93e-01	7.14e-03	5.82e-07	0.00e+00	0.00e+00	0.00e+00	0.00e+00	0.00e+00	0.00e+00	9.62e-01	1.82e-02	1.31e-02
 2.00657e+17	9.93e-01	6.79e-03	5.51e-07	0.00e+00	0.00e+00	0.00e+00	0.00e+00	0.00e+00	0.00e+00	9.62e-01	1.83e-02	1.30e-02
 2.00744e+17	9.93e-01	6.64e-03	5.38e-07	0.00e+00	0.00e+00	0.00e+00	0.00e+00	0.00e+00	0.00e+00	9.62e-01	1.83e-02	1.30e-02
 2.00825e+17	9.93e-01	6.55e-03	5.31e-07	0.00e+00	0.00e+00	0.00e+00	0.00e+00	0.00e+00	0.00e+00	9.62e-01	1.83e-02	1.30e-02
 2.00915e+17	9.94e-01	6.39e-03	5.17e-07	0.00e+00	0.00e+00	0.00e+00	0.00e+00	0.00e+00	0.00e+00	9.62e-01	1.83e-02	1.29e-02
 2.01010e+17	9.94e-01	6.15e-03	4.97e-07	0.00e+00	0.00e+00	0.00e+00	0.00e+00	0.00e+00	0.00e+00	9.63e-01	1.84e-02	1.29e-02
 2.01096e+17	9.94e-01	6.02e-03	4.86e-07	0.00e+00	0.00e+00	0.00e+00	0.00e+00	0.00e+00	0.00e+00	9.63e-01	1.84e-02	1.28e-02
 2.01170e+17	9.94e-01	5.95e-03	4.82e-07	0.00e+00	0.00e+00	0.00e+00	0.00e+00	0.00e+00	0.00e+00	9.63e-01	1.84e-02	1.28e-02
 2.01234e+17	9.94e-01	5.92e-03	4.77e-07	0.00e+00	0.00e+00	0.00e+00	0.00e+00	0.00e+00	0.00e+00	9.63e-01	1.84e-02	1.28e-02
 2.01302e+17	9.94e-01	5.85e-03	4.73e-07	0.00e+00	0.00e+00	0.00e+00	0.00e+00	0.00e+00	0.00e+00	9.63e-01	1.84e-02	1.28e-02
 2.01377e+17	9.94e-01	5.72e-03	4.63e-07	0.00e+00	0.00e+00	0.00e+00	0.00e+00	0.00e+00	0.00e+00	9.63e-01	1.84e-02	1.27e-02
 2.01444e+17	9.94e-01	5.60e-03	4.52e-07	0.00e+00	0.00e+00	0.00e+00	0.00e+00	0.00e+00	0.00e+00	9.63e-01	1.84e-02	1.27e-02
 2.01494e+17	9.94e-01	5.54e-03	4.49e-07	0.00e+00	0.00e+00	0.00e+00	0.00e+00	0.00e+00	0.00e+00	9.63e-01	1.84e-02	1.27e-02
 2.01534e+17	9.94e-01	5.53e-03	4.47e-07	0.00e+00	0.00e+00	0.00e+00	0.00e+00	0.00e+00	0.00e+00	9.63e-01	1.85e-02	1.27e-02
