#depth	O  1	O  2	O  3	O  4	O  5	O  6	O  7	O  8	O  9	O1	O1*	O1**
 1.49244e+13	1.82e-02	5.91e-01	3.79e-01	1.14e-02	1.53e-04	1.76e-07	0.00e+00	0.00e+00	0.00e+00	1.74e-02	3.94e-04	4.03e-04
 8.95465e+13	1.81e-02	5.91e-01	3.80e-01	1.13e-02	1.53e-04	0.00e+00	0.00e+00	0.00e+00	0.00e+00	1.73e-02	3.94e-04	4.03e-04
 3.88035e+14	1.80e-02	5.88e-01	3.82e-01	1.13e-02	1.52e-04	0.00e+00	0.00e+00	0.00e+00	0.00e+00	1.72e-02	3.92e-04	4.01e-04
 1.58199e+15	1.79e-02	5.82e-01	3.89e-01	1.12e-02	1.48e-04	0.00e+00	0.00e+00	0.00e+00	0.00e+00	1.71e-02	3.90e-04	3.98e-04
 3.77886e+15	1.71e-02	5.68e-01	4.03e-01	1.12e-02	1.43e-04	0.00e+00	0.00e+00	0.00e+00	0.00e+00	1.63e-02	3.76e-04	3.84e-04
 6.63480e+15	1.69e-02	5.63e-01	4.09e-01	1.06e-02	1.32e-04	0.00e+00	0.00e+00	0.00e+00	0.00e+00	1.62e-02	3.75e-04	3.83e-04
 1.03475e+16	1.74e-02	5.65e-01	4.08e-01	9.60e-03	1.16e-04	0.00e+00	0.00e+00	0.00e+00	0.00e+00	1.66e-02	3.86e-04	3.95e-04
 1.51741e+16	1.88e-02	5.78e-01	3.95e-01	8.04e-03	9.40e-05	0.00e+00	0.00e+00	0.00e+00	0.00e+00	1.79e-02	4.19e-04	4.28e-04
 2.06146e+16	2.10e-02	5.98e-01	3.74e-01	6.43e-03	7.36e-05	0.00e+00	0.00e+00	0.00e+00	0.00e+00	2.01e-02	4.69e-04	4.78e-04
 2.58412e+16	2.41e-02	6.24e-01	3.47e-01	4.99e-03	5.67e-05	0.00e+00	0.00e+00	0.00e+00	0.00e+00	2.30e-02	5.37e-04	5.47e-04
 3.11274e+16	2.86e-02	6.56e-01	3.12e-01	3.68e-03	4.21e-05	0.00e+00	0.00e+00	0.00e+00	0.00e+00	2.73e-02	6.34e-04	6.46e-04
 3.70304e+16	3.54e-02	6.93e-01	2.69e-01	2.49e-03	2.91e-05	0.00e+00	0.00e+00	0.00e+00	0.00e+00	3.39e-02	7.81e-04	7.96e-04
 4.27741e+16	4.40e-02	7.27e-01	2.28e-01	1.66e-03	2.03e-05	0.00e+00	0.00e+00	0.00e+00	0.00e+00	4.21e-02	9.59e-04	9.77e-04
 4.75538e+16	5.34e-02	7.52e-01	1.93e-01	1.14e-03	1.46e-05	0.00e+00	0.00e+00	0.00e+00	0.00e+00	5.10e-02	1.15e-03	1.17e-03
 5.17539e+16	6.39e-02	7.72e-01	1.63e-01	7.89e-04	1.07e-05	0.00e+00	0.00e+00	0.00e+00	0.00e+00	6.11e-02	1.37e-03	1.39e-03
 5.57569e+16	7.63e-02	7.87e-01	1.36e-01	5.39e-04	7.79e-06	0.00e+00	0.00e+00	0.00e+00	0.00e+00	7.31e-02	1.62e-03	1.65e-03
 5.95957e+16	9.10e-02	7.97e-01	1.12e-01	3.63e-04	5.63e-06	0.00e+00	0.00e+00	0.00e+00	0.00e+00	8.72e-02	1.91e-03	1.95e-03
 6.31953e+16	1.08e-01	8.00e-01	9.14e-02	2.43e-04	4.06e-06	0.00e+00	0.00e+00	0.00e+00	0.00e+00	1.03e-01	2.25e-03	2.29e-03
 6.65296e+16	1.27e-01	7.99e-01	7.41e-02	1.62e-04	2.93e-06	0.00e+00	0.00e+00	0.00e+00	0.00e+00	1.22e-01	2.62e-03	2.68e-03
 6.97080e+16	1.49e-01	7.91e-01	5.93e-02	1.07e-04	2.09e-06	0.00e+00	0.00e+00	0.00e+00	0.00e+00	1.43e-01	3.05e-03	3.11e-03
 7.27157e+16	1.75e-01	7.78e-01	4.70e-02	7.02e-05	1.48e-06	0.00e+00	0.00e+00	0.00e+00	0.00e+00	1.68e-01	3.53e-03	3.61e-03
 7.53848e+16	2.01e-01	7.61e-01	3.75e-02	4.70e-05	1.06e-06	0.00e+00	0.00e+00	0.00e+00	0.00e+00	1.93e-01	4.03e-03	4.12e-03
 7.77088e+16	2.28e-01	7.42e-01	3.01e-02	3.22e-05	7.75e-07	0.00e+00	0.00e+00	0.00e+00	0.00e+00	2.19e-01	4.54e-03	4.64e-03
 7.97940e+16	2.56e-01	7.20e-01	2.44e-02	2.27e-05	0.00e+00	0.00e+00	0.00e+00	0.00e+00	0.00e+00	2.46e-01	5.03e-03	5.15e-03
 8.17470e+16	2.84e-01	6.96e-01	1.98e-02	1.61e-05	0.00e+00	0.00e+00	0.00e+00	0.00e+00	0.00e+00	2.73e-01	5.54e-03	5.67e-03
 8.36196e+16	3.14e-01	6.70e-01	1.60e-02	1.14e-05	0.00e+00	0.00e+00	0.00e+00	0.00e+00	0.00e+00	3.02e-01	6.06e-03	6.21e-03
 8.54009e+16	3.46e-01	6.42e-01	1.29e-02	8.16e-06	0.00e+00	0.00e+00	0.00e+00	0.00e+00	0.00e+00	3.32e-01	6.58e-03	6.75e-03
 8.70810e+16	3.77e-01	6.13e-01	1.04e-02	5.92e-06	0.00e+00	0.00e+00	0.00e+00	0.00e+00	0.00e+00	3.62e-01	7.09e-03	7.28e-03
 8.86833e+16	4.08e-01	5.84e-01	8.37e-03	4.34e-06	0.00e+00	0.00e+00	0.00e+00	0.00e+00	0.00e+00	3.93e-01	7.57e-03	7.79e-03
 9.02279e+16	4.39e-01	5.54e-01	6.75e-03	3.21e-06	0.00e+00	0.00e+00	0.00e+00	0.00e+00	0.00e+00	4.23e-01	8.04e-03	8.28e-03
 9.16756e+16	4.69e-01	5.25e-01	5.48e-03	2.43e-06	0.00e+00	0.00e+00	0.00e+00	0.00e+00	0.00e+00	4.52e-01	8.47e-03	8.73e-03
 9.29850e+16	4.96e-01	4.99e-01	4.51e-03	1.89e-06	0.00e+00	0.00e+00	0.00e+00	0.00e+00	0.00e+00	4.78e-01	8.84e-03	9.12e-03
 9.41873e+16	5.21e-01	4.75e-01	3.76e-03	1.51e-06	0.00e+00	0.00e+00	0.00e+00	0.00e+00	0.00e+00	5.02e-01	9.16e-03	9.46e-03
 9.53244e+16	5.44e-01	4.53e-01	3.16e-03	1.22e-06	0.00e+00	0.00e+00	0.00e+00	0.00e+00	0.00e+00	5.25e-01	9.44e-03	9.77e-03
 9.64198e+16	5.66e-01	4.31e-01	2.66e-03	1.00e-06	0.00e+00	0.00e+00	0.00e+00	0.00e+00	0.00e+00	5.47e-01	9.70e-03	1.00e-02
 9.74885e+16	5.88e-01	4.10e-01	2.24e-03	8.27e-07	0.00e+00	0.00e+00	0.00e+00	0.00e+00	0.00e+00	5.67e-01	9.93e-03	1.03e-02
 9.83362e+16	6.03e-01	3.95e-01	1.96e-03	0.00e+00	0.00e+00	0.00e+00	0.00e+00	0.00e+00	0.00e+00	5.83e-01	1.01e-02	1.05e-02
 9.89092e+16	6.14e-01	3.84e-01	1.80e-03	0.00e+00	0.00e+00	0.00e+00	0.00e+00	0.00e+00	0.00e+00	5.93e-01	1.02e-02	1.06e-02
 9.94622e+16	6.24e-01	3.75e-01	1.65e-03	0.00e+00	0.00e+00	0.00e+00	0.00e+00	0.00e+00	0.00e+00	6.03e-01	1.03e-02	1.07e-02
 1.00139e+17	6.36e-01	3.62e-01	1.47e-03	0.00e+00	0.00e+00	0.00e+00	0.00e+00	0.00e+00	0.00e+00	6.15e-01	1.04e-02	1.08e-02
 1.00871e+17	6.49e-01	3.49e-01	1.30e-03	0.00e+00	0.00e+00	0.00e+00	0.00e+00	0.00e+00	0.00e+00	6.28e-01	1.05e-02	1.09e-02
 1.01549e+17	6.61e-01	3.38e-01	1.17e-03	0.00e+00	0.00e+00	0.00e+00	0.00e+00	0.00e+00	0.00e+00	6.39e-01	1.06e-02	1.10e-02
 1.02196e+17	6.72e-01	3.27e-01	1.04e-03	0.00e+00	0.00e+00	0.00e+00	0.00e+00	0.00e+00	0.00e+00	6.50e-01	1.07e-02	1.11e-02
 1.02854e+17	6.83e-01	3.16e-01	9.34e-04	0.00e+00	0.00e+00	0.00e+00	0.00e+00	0.00e+00	0.00e+00	6.61e-01	1.08e-02	1.12e-02
 1.03529e+17	6.94e-01	3.05e-01	8.36e-04	0.00e+00	0.00e+00	0.00e+00	0.00e+00	0.00e+00	0.00e+00	6.72e-01	1.08e-02	1.13e-02
 1.04218e+17	7.05e-01	2.94e-01	7.42e-04	0.00e+00	0.00e+00	0.00e+00	0.00e+00	0.00e+00	0.00e+00	6.83e-01	1.09e-02	1.14e-02
 1.04904e+17	7.15e-01	2.84e-01	6.64e-04	0.00e+00	0.00e+00	0.00e+00	0.00e+00	0.00e+00	0.00e+00	6.93e-01	1.10e-02	1.14e-02
 1.05602e+17	7.26e-01	2.73e-01	5.86e-04	0.00e+00	0.00e+00	0.00e+00	0.00e+00	0.00e+00	0.00e+00	7.04e-01	1.11e-02	1.15e-02
 1.06297e+17	7.36e-01	2.63e-01	5.23e-04	0.00e+00	0.00e+00	0.00e+00	0.00e+00	0.00e+00	0.00e+00	7.13e-01	1.11e-02	1.16e-02
 1.06989e+17	7.46e-01	2.53e-01	4.63e-04	0.00e+00	0.00e+00	0.00e+00	0.00e+00	0.00e+00	0.00e+00	7.23e-01	1.11e-02	1.16e-02
 1.07692e+17	7.55e-01	2.44e-01	4.13e-04	0.00e+00	0.00e+00	0.00e+00	0.00e+00	0.00e+00	0.00e+00	7.32e-01	1.11e-02	1.17e-02
 1.08409e+17	7.65e-01	2.35e-01	3.63e-04	0.00e+00	0.00e+00	0.00e+00	0.00e+00	0.00e+00	0.00e+00	7.42e-01	1.12e-02	1.17e-02
 1.09132e+17	7.74e-01	2.26e-01	3.23e-04	0.00e+00	0.00e+00	0.00e+00	0.00e+00	0.00e+00	0.00e+00	7.51e-01	1.12e-02	1.17e-02
 1.09862e+17	7.83e-01	2.17e-01	2.84e-04	0.00e+00	0.00e+00	0.00e+00	0.00e+00	0.00e+00	0.00e+00	7.60e-01	1.13e-02	1.18e-02
 1.10598e+17	7.91e-01	2.08e-01	2.52e-04	0.00e+00	0.00e+00	0.00e+00	0.00e+00	0.00e+00	0.00e+00	7.68e-01	1.12e-02	1.18e-02
 1.11325e+17	7.99e-01	2.00e-01	2.23e-04	0.00e+00	0.00e+00	0.00e+00	0.00e+00	0.00e+00	0.00e+00	7.76e-01	1.13e-02	1.18e-02
 1.12077e+17	8.07e-01	1.93e-01	1.98e-04	0.00e+00	0.00e+00	0.00e+00	0.00e+00	0.00e+00	0.00e+00	7.84e-01	1.13e-02	1.18e-02
 1.12873e+17	8.15e-01	1.84e-01	1.73e-04	0.00e+00	0.00e+00	0.00e+00	0.00e+00	0.00e+00	0.00e+00	7.92e-01	1.13e-02	1.19e-02
 1.13673e+17	8.23e-01	1.77e-01	1.52e-04	0.00e+00	0.00e+00	0.00e+00	0.00e+00	0.00e+00	0.00e+00	8.00e-01	1.13e-02	1.19e-02
 1.14453e+17	8.30e-01	1.70e-01	1.35e-04	0.00e+00	0.00e+00	0.00e+00	0.00e+00	0.00e+00	0.00e+00	8.07e-01	1.13e-02	1.18e-02
 1.15258e+17	8.37e-01	1.63e-01	1.19e-04	0.00e+00	0.00e+00	0.00e+00	0.00e+00	0.00e+00	0.00e+00	8.14e-01	1.13e-02	1.19e-02
 1.16092e+17	8.43e-01	1.57e-01	1.06e-04	0.00e+00	0.00e+00	0.00e+00	0.00e+00	0.00e+00	0.00e+00	8.20e-01	1.13e-02	1.18e-02
 1.16924e+17	8.50e-01	1.50e-01	9.30e-05	0.00e+00	0.00e+00	0.00e+00	0.00e+00	0.00e+00	0.00e+00	8.27e-01	1.13e-02	1.18e-02
 1.17730e+17	8.54e-01	1.45e-01	8.37e-05	0.00e+00	0.00e+00	0.00e+00	0.00e+00	0.00e+00	0.00e+00	8.31e-01	1.12e-02	1.18e-02
 1.18503e+17	8.59e-01	1.40e-01	7.54e-05	0.00e+00	0.00e+00	0.00e+00	0.00e+00	0.00e+00	0.00e+00	8.36e-01	1.12e-02	1.18e-02
 1.19343e+17	8.65e-01	1.35e-01	6.68e-05	0.00e+00	0.00e+00	0.00e+00	0.00e+00	0.00e+00	0.00e+00	8.42e-01	1.12e-02	1.18e-02
 1.20290e+17	8.71e-01	1.29e-01	5.92e-05	0.00e+00	0.00e+00	0.00e+00	0.00e+00	0.00e+00	0.00e+00	8.48e-01	1.12e-02	1.18e-02
 1.21252e+17	8.76e-01	1.24e-01	5.25e-05	0.00e+00	0.00e+00	0.00e+00	0.00e+00	0.00e+00	0.00e+00	8.53e-01	1.12e-02	1.18e-02
 1.22176e+17	8.80e-01	1.20e-01	4.73e-05	0.00e+00	0.00e+00	0.00e+00	0.00e+00	0.00e+00	0.00e+00	8.57e-01	1.12e-02	1.18e-02
 1.23125e+17	8.85e-01	1.15e-01	4.22e-05	0.00e+00	0.00e+00	0.00e+00	0.00e+00	0.00e+00	0.00e+00	8.62e-01	1.12e-02	1.18e-02
 1.24184e+17	8.89e-01	1.11e-01	3.76e-05	0.00e+00	0.00e+00	0.00e+00	0.00e+00	0.00e+00	0.00e+00	8.66e-01	1.12e-02	1.18e-02
 1.25300e+17	8.93e-01	1.07e-01	3.39e-05	0.00e+00	0.00e+00	0.00e+00	0.00e+00	0.00e+00	0.00e+00	8.70e-01	1.12e-02	1.18e-02
 1.26373e+17	8.97e-01	1.03e-01	3.04e-05	0.00e+00	0.00e+00	0.00e+00	0.00e+00	0.00e+00	0.00e+00	8.74e-01	1.12e-02	1.18e-02
 1.27475e+17	9.00e-01	9.98e-02	2.77e-05	0.00e+00	0.00e+00	0.00e+00	0.00e+00	0.00e+00	0.00e+00	8.77e-01	1.12e-02	1.18e-02
 1.28694e+17	9.04e-01	9.62e-02	2.49e-05	0.00e+00	0.00e+00	0.00e+00	0.00e+00	0.00e+00	0.00e+00	8.81e-01	1.12e-02	1.18e-02
 1.30039e+17	9.07e-01	9.26e-02	2.24e-05	0.00e+00	0.00e+00	0.00e+00	0.00e+00	0.00e+00	0.00e+00	8.84e-01	1.12e-02	1.18e-02
 1.31491e+17	9.10e-01	8.95e-02	2.03e-05	0.00e+00	0.00e+00	0.00e+00	0.00e+00	0.00e+00	0.00e+00	8.87e-01	1.12e-02	1.18e-02
 1.32926e+17	9.14e-01	8.60e-02	1.83e-05	0.00e+00	0.00e+00	0.00e+00	0.00e+00	0.00e+00	0.00e+00	8.91e-01	1.12e-02	1.18e-02
 1.34402e+17	9.16e-01	8.35e-02	1.68e-05	0.00e+00	0.00e+00	0.00e+00	0.00e+00	0.00e+00	0.00e+00	8.93e-01	1.13e-02	1.18e-02
 1.35987e+17	9.19e-01	8.07e-02	1.53e-05	0.00e+00	0.00e+00	0.00e+00	0.00e+00	0.00e+00	0.00e+00	8.96e-01	1.13e-02	1.18e-02
 1.37638e+17	9.22e-01	7.84e-02	1.41e-05	0.00e+00	0.00e+00	0.00e+00	0.00e+00	0.00e+00	0.00e+00	8.99e-01	1.13e-02	1.18e-02
 1.39361e+17	9.25e-01	7.55e-02	1.28e-05	0.00e+00	0.00e+00	0.00e+00	0.00e+00	0.00e+00	0.00e+00	9.01e-01	1.13e-02	1.18e-02
 1.41078e+17	9.27e-01	7.34e-02	1.19e-05	0.00e+00	0.00e+00	0.00e+00	0.00e+00	0.00e+00	0.00e+00	9.03e-01	1.13e-02	1.18e-02
 1.42788e+17	9.29e-01	7.13e-02	1.10e-05	0.00e+00	0.00e+00	0.00e+00	0.00e+00	0.00e+00	0.00e+00	9.06e-01	1.14e-02	1.18e-02
 1.44503e+17	9.31e-01	6.91e-02	1.02e-05	0.00e+00	0.00e+00	0.00e+00	0.00e+00	0.00e+00	0.00e+00	9.08e-01	1.14e-02	1.19e-02
 1.46155e+17	9.33e-01	6.66e-02	9.42e-06	0.00e+00	0.00e+00	0.00e+00	0.00e+00	0.00e+00	0.00e+00	9.10e-01	1.14e-02	1.19e-02
 1.47707e+17	9.35e-01	6.53e-02	8.90e-06	0.00e+00	0.00e+00	0.00e+00	0.00e+00	0.00e+00	0.00e+00	9.11e-01	1.15e-02	1.18e-02
 1.49225e+17	9.36e-01	6.36e-02	8.35e-06	0.00e+00	0.00e+00	0.00e+00	0.00e+00	0.00e+00	0.00e+00	9.13e-01	1.15e-02	1.18e-02
 1.50726e+17	9.38e-01	6.16e-02	7.82e-06	0.00e+00	0.00e+00	0.00e+00	0.00e+00	0.00e+00	0.00e+00	9.15e-01	1.15e-02	1.18e-02
 1.52145e+17	9.40e-01	6.04e-02	7.44e-06	0.00e+00	0.00e+00	0.00e+00	0.00e+00	0.00e+00	0.00e+00	9.16e-01	1.15e-02	1.18e-02
 1.53518e+17	9.41e-01	5.90e-02	7.05e-06	0.00e+00	0.00e+00	0.00e+00	0.00e+00	0.00e+00	0.00e+00	9.18e-01	1.16e-02	1.18e-02
 1.54872e+17	9.43e-01	5.74e-02	6.66e-06	0.00e+00	0.00e+00	0.00e+00	0.00e+00	0.00e+00	0.00e+00	9.19e-01	1.16e-02	1.18e-02
 1.56151e+17	9.44e-01	5.61e-02	6.35e-06	0.00e+00	0.00e+00	0.00e+00	0.00e+00	0.00e+00	0.00e+00	9.20e-01	1.16e-02	1.18e-02
 1.57343e+17	9.46e-01	5.44e-02	6.02e-06	0.00e+00	0.00e+00	0.00e+00	0.00e+00	0.00e+00	0.00e+00	9.22e-01	1.17e-02	1.18e-02
 1.58497e+17	9.47e-01	5.33e-02	5.76e-06	0.00e+00	0.00e+00	0.00e+00	0.00e+00	0.00e+00	0.00e+00	9.23e-01	1.17e-02	1.18e-02
 1.59617e+17	9.48e-01	5.21e-02	5.51e-06	0.00e+00	0.00e+00	0.00e+00	0.00e+00	0.00e+00	0.00e+00	9.24e-01	1.17e-02	1.18e-02
 1.60688e+17	9.49e-01	5.12e-02	5.33e-06	0.00e+00	0.00e+00	0.00e+00	0.00e+00	0.00e+00	0.00e+00	9.25e-01	1.17e-02	1.18e-02
 1.61801e+17	9.50e-01	5.01e-02	5.09e-06	0.00e+00	0.00e+00	0.00e+00	0.00e+00	0.00e+00	0.00e+00	9.26e-01	1.18e-02	1.18e-02
 1.62872e+17	9.51e-01	4.91e-02	4.89e-06	0.00e+00	0.00e+00	0.00e+00	0.00e+00	0.00e+00	0.00e+00	9.27e-01	1.18e-02	1.18e-02
 1.63790e+17	9.52e-01	4.82e-02	4.72e-06	0.00e+00	0.00e+00	0.00e+00	0.00e+00	0.00e+00	0.00e+00	9.28e-01	1.19e-02	1.18e-02
 1.64655e+17	9.53e-01	4.72e-02	4.56e-06	0.00e+00	0.00e+00	0.00e+00	0.00e+00	0.00e+00	0.00e+00	9.29e-01	1.19e-02	1.18e-02
 1.65503e+17	9.54e-01	4.63e-02	4.40e-06	0.00e+00	0.00e+00	0.00e+00	0.00e+00	0.00e+00	0.00e+00	9.30e-01	1.19e-02	1.18e-02
 1.66361e+17	9.54e-01	4.56e-02	4.27e-06	0.00e+00	0.00e+00	0.00e+00	0.00e+00	0.00e+00	0.00e+00	9.31e-01	1.20e-02	1.18e-02
 1.67205e+17	9.55e-01	4.45e-02	4.13e-06	0.00e+00	0.00e+00	0.00e+00	0.00e+00	0.00e+00	0.00e+00	9.32e-01	1.20e-02	1.18e-02
 1.68084e+17	9.56e-01	4.35e-02	3.96e-06	0.00e+00	0.00e+00	0.00e+00	0.00e+00	0.00e+00	0.00e+00	9.33e-01	1.21e-02	1.19e-02
 1.68899e+17	9.57e-01	4.28e-02	3.85e-06	0.00e+00	0.00e+00	0.00e+00	0.00e+00	0.00e+00	0.00e+00	9.33e-01	1.21e-02	1.19e-02
 1.69532e+17	9.58e-01	4.21e-02	3.75e-06	0.00e+00	0.00e+00	0.00e+00	0.00e+00	0.00e+00	0.00e+00	9.34e-01	1.21e-02	1.19e-02
 1.70194e+17	9.58e-01	4.15e-02	3.65e-06	0.00e+00	0.00e+00	0.00e+00	0.00e+00	0.00e+00	0.00e+00	9.34e-01	1.22e-02	1.19e-02
 1.70886e+17	9.59e-01	4.06e-02	3.53e-06	0.00e+00	0.00e+00	0.00e+00	0.00e+00	0.00e+00	0.00e+00	9.35e-01	1.22e-02	1.19e-02
 1.71496e+17	9.60e-01	4.00e-02	3.46e-06	0.00e+00	0.00e+00	0.00e+00	0.00e+00	0.00e+00	0.00e+00	9.36e-01	1.22e-02	1.19e-02
 1.72135e+17	9.61e-01	3.92e-02	3.35e-06	0.00e+00	0.00e+00	0.00e+00	0.00e+00	0.00e+00	0.00e+00	9.37e-01	1.23e-02	1.19e-02
 1.72746e+17	9.62e-01	3.85e-02	3.26e-06	0.00e+00	0.00e+00	0.00e+00	0.00e+00	0.00e+00	0.00e+00	9.37e-01	1.23e-02	1.19e-02
 1.73236e+17	9.62e-01	3.83e-02	3.21e-06	0.00e+00	0.00e+00	0.00e+00	0.00e+00	0.00e+00	0.00e+00	9.37e-01	1.23e-02	1.19e-02
 1.73757e+17	9.63e-01	3.74e-02	3.12e-06	0.00e+00	0.00e+00	0.00e+00	0.00e+00	0.00e+00	0.00e+00	9.38e-01	1.24e-02	1.19e-02
 1.74291e+17	9.63e-01	3.67e-02	3.03e-06	0.00e+00	0.00e+00	0.00e+00	0.00e+00	0.00e+00	0.00e+00	9.39e-01	1.24e-02	1.19e-02
 1.74723e+17	9.64e-01	3.63e-02	2.98e-06	0.00e+00	0.00e+00	0.00e+00	0.00e+00	0.00e+00	0.00e+00	9.39e-01	1.24e-02	1.19e-02
 1.75146e+17	9.64e-01	3.60e-02	2.94e-06	0.00e+00	0.00e+00	0.00e+00	0.00e+00	0.00e+00	0.00e+00	9.40e-01	1.25e-02	1.19e-02
 1.75677e+17	9.65e-01	3.54e-02	2.86e-06	0.00e+00	0.00e+00	0.00e+00	0.00e+00	0.00e+00	0.00e+00	9.40e-01	1.25e-02	1.20e-02
 1.76211e+17	9.65e-01	3.46e-02	2.79e-06	0.00e+00	0.00e+00	0.00e+00	0.00e+00	0.00e+00	0.00e+00	9.41e-01	1.25e-02	1.19e-02
 1.76629e+17	9.66e-01	3.41e-02	2.73e-06	0.00e+00	0.00e+00	0.00e+00	0.00e+00	0.00e+00	0.00e+00	9.41e-01	1.26e-02	1.20e-02
 1.76978e+17	9.66e-01	3.39e-02	2.70e-06	0.00e+00	0.00e+00	0.00e+00	0.00e+00	0.00e+00	0.00e+00	9.41e-01	1.26e-02	1.20e-02
 1.77354e+17	9.67e-01	3.34e-02	2.64e-06	0.00e+00	0.00e+00	0.00e+00	0.00e+00	0.00e+00	0.00e+00	9.42e-01	1.27e-02	1.20e-02
 1.77742e+17	9.67e-01	3.30e-02	2.60e-06	0.00e+00	0.00e+00	0.00e+00	0.00e+00	0.00e+00	0.00e+00	9.42e-01	1.27e-02	1.20e-02
 1.78094e+17	9.68e-01	3.23e-02	2.53e-06	0.00e+00	0.00e+00	0.00e+00	0.00e+00	0.00e+00	0.00e+00	9.43e-01	1.27e-02	1.20e-02
 1.78405e+17	9.68e-01	3.19e-02	2.49e-06	0.00e+00	0.00e+00	0.00e+00	0.00e+00	0.00e+00	0.00e+00	9.43e-01	1.27e-02	1.20e-02
 1.78700e+17	9.68e-01	3.15e-02	2.45e-06	0.00e+00	0.00e+00	0.00e+00	0.00e+00	0.00e+00	0.00e+00	9.44e-01	1.28e-02	1.20e-02
 1.78989e+17	9.69e-01	3.13e-02	2.42e-06	0.00e+00	0.00e+00	0.00e+00	0.00e+00	0.00e+00	0.00e+00	9.44e-01	1.28e-02	1.20e-02
 1.79266e+17	9.69e-01	3.07e-02	2.36e-06	0.00e+00	0.00e+00	0.00e+00	0.00e+00	0.00e+00	0.00e+00	9.44e-01	1.29e-02	1.20e-02
 1.79531e+17	9.69e-01	3.05e-02	2.34e-06	0.00e+00	0.00e+00	0.00e+00	0.00e+00	0.00e+00	0.00e+00	9.45e-01	1.29e-02	1.20e-02
 1.79783e+17	9.70e-01	2.99e-02	2.28e-06	0.00e+00	0.00e+00	0.00e+00	0.00e+00	0.00e+00	0.00e+00	9.45e-01	1.30e-02	1.21e-02
 1.80022e+17	9.70e-01	2.97e-02	2.26e-06	0.00e+00	0.00e+00	0.00e+00	0.00e+00	0.00e+00	0.00e+00	9.45e-01	1.30e-02	1.20e-02
 1.80245e+17	9.71e-01	2.91e-02	2.21e-06	0.00e+00	0.00e+00	0.00e+00	0.00e+00	0.00e+00	0.00e+00	9.46e-01	1.30e-02	1.21e-02
 1.80459e+17	9.71e-01	2.89e-02	2.19e-06	0.00e+00	0.00e+00	0.00e+00	0.00e+00	0.00e+00	0.00e+00	9.46e-01	1.31e-02	1.21e-02
 1.80666e+17	9.71e-01	2.85e-02	2.15e-06	0.00e+00	0.00e+00	0.00e+00	0.00e+00	0.00e+00	0.00e+00	9.46e-01	1.31e-02	1.21e-02
 1.80866e+17	9.72e-01	2.82e-02	2.12e-06	0.00e+00	0.00e+00	0.00e+00	0.00e+00	0.00e+00	0.00e+00	9.47e-01	1.31e-02	1.21e-02
 1.81007e+17	9.72e-01	2.81e-02	2.10e-06	0.00e+00	0.00e+00	0.00e+00	0.00e+00	0.00e+00	0.00e+00	9.47e-01	1.32e-02	1.21e-02
 1.81096e+17	9.72e-01	2.78e-02	2.08e-06	0.00e+00	0.00e+00	0.00e+00	0.00e+00	0.00e+00	0.00e+00	9.47e-01	1.32e-02	1.21e-02
 1.81171e+17	9.72e-01	2.78e-02	2.07e-06	0.00e+00	0.00e+00	0.00e+00	0.00e+00	0.00e+00	0.00e+00	9.47e-01	1.32e-02	1.21e-02
 1.81257e+17	9.72e-01	2.76e-02	2.06e-06	0.00e+00	0.00e+00	0.00e+00	0.00e+00	0.00e+00	0.00e+00	9.47e-01	1.32e-02	1.21e-02
 1.81365e+17	9.72e-01	2.75e-02	2.05e-06	0.00e+00	0.00e+00	0.00e+00	0.00e+00	0.00e+00	0.00e+00	9.47e-01	1.32e-02	1.21e-02
 1.81476e+17	9.73e-01	2.74e-02	2.03e-06	0.00e+00	0.00e+00	0.00e+00	0.00e+00	0.00e+00	0.00e+00	9.47e-01	1.33e-02	1.21e-02
 1.81569e+17	9.73e-01	2.71e-02	2.01e-06	0.00e+00	0.00e+00	0.00e+00	0.00e+00	0.00e+00	0.00e+00	9.47e-01	1.33e-02	1.21e-02
 1.81651e+17	9.73e-01	2.69e-02	2.00e-06	0.00e+00	0.00e+00	0.00e+00	0.00e+00	0.00e+00	0.00e+00	9.48e-01	1.33e-02	1.21e-02
 1.81736e+17	9.73e-01	2.68e-02	1.98e-06	0.00e+00	0.00e+00	0.00e+00	0.00e+00	0.00e+00	0.00e+00	9.48e-01	1.33e-02	1.21e-02
 1.81821e+17	9.73e-01	2.66e-02	1.97e-06	0.00e+00	0.00e+00	0.00e+00	0.00e+00	0.00e+00	0.00e+00	9.48e-01	1.33e-02	1.22e-02
 1.81896e+17	9.74e-01	2.65e-02	1.95e-06	0.00e+00	0.00e+00	0.00e+00	0.00e+00	0.00e+00	0.00e+00	9.48e-01	1.34e-02	1.22e-02
 1.81970e+17	9.74e-01	2.63e-02	1.94e-06	0.00e+00	0.00e+00	0.00e+00	0.00e+00	0.00e+00	0.00e+00	9.48e-01	1.34e-02	1.22e-02
 1.82044e+17	9.74e-01	2.62e-02	1.93e-06	0.00e+00	0.00e+00	0.00e+00	0.00e+00	0.00e+00	0.00e+00	9.48e-01	1.34e-02	1.22e-02
 1.82122e+17	9.74e-01	2.60e-02	1.91e-06	0.00e+00	0.00e+00	0.00e+00	0.00e+00	0.00e+00	0.00e+00	9.48e-01	1.34e-02	1.22e-02
 1.82202e+17	9.74e-01	2.59e-02	1.90e-06	0.00e+00	0.00e+00	0.00e+00	0.00e+00	0.00e+00	0.00e+00	9.48e-01	1.34e-02	1.22e-02
 1.82284e+17	9.74e-01	2.57e-02	1.88e-06	0.00e+00	0.00e+00	0.00e+00	0.00e+00	0.00e+00	0.00e+00	9.49e-01	1.34e-02	1.22e-02
 1.82374e+17	9.75e-01	2.55e-02	1.87e-06	0.00e+00	0.00e+00	0.00e+00	0.00e+00	0.00e+00	0.00e+00	9.49e-01	1.35e-02	1.22e-02
 1.82462e+17	9.75e-01	2.53e-02	1.85e-06	0.00e+00	0.00e+00	0.00e+00	0.00e+00	0.00e+00	0.00e+00	9.49e-01	1.35e-02	1.22e-02
 1.82536e+17	9.75e-01	2.51e-02	1.84e-06	0.00e+00	0.00e+00	0.00e+00	0.00e+00	0.00e+00	0.00e+00	9.49e-01	1.35e-02	1.22e-02
 1.82605e+17	9.75e-01	2.50e-02	1.82e-06	0.00e+00	0.00e+00	0.00e+00	0.00e+00	0.00e+00	0.00e+00	9.49e-01	1.35e-02	1.22e-02
 1.82679e+17	9.75e-01	2.48e-02	1.80e-06	0.00e+00	0.00e+00	0.00e+00	0.00e+00	0.00e+00	0.00e+00	9.49e-01	1.35e-02	1.22e-02
 1.82746e+17	9.75e-01	2.46e-02	1.79e-06	0.00e+00	0.00e+00	0.00e+00	0.00e+00	0.00e+00	0.00e+00	9.50e-01	1.36e-02	1.22e-02
 1.82806e+17	9.76e-01	2.44e-02	1.77e-06	0.00e+00	0.00e+00	0.00e+00	0.00e+00	0.00e+00	0.00e+00	9.50e-01	1.36e-02	1.22e-02
 1.82868e+17	9.76e-01	2.42e-02	1.76e-06	0.00e+00	0.00e+00	0.00e+00	0.00e+00	0.00e+00	0.00e+00	9.50e-01	1.36e-02	1.22e-02
 1.82938e+17	9.76e-01	2.41e-02	1.74e-06	0.00e+00	0.00e+00	0.00e+00	0.00e+00	0.00e+00	0.00e+00	9.50e-01	1.36e-02	1.22e-02
 1.83021e+17	9.76e-01	2.39e-02	1.73e-06	0.00e+00	0.00e+00	0.00e+00	0.00e+00	0.00e+00	0.00e+00	9.50e-01	1.36e-02	1.22e-02
 1.83111e+17	9.76e-01	2.37e-02	1.71e-06	0.00e+00	0.00e+00	0.00e+00	0.00e+00	0.00e+00	0.00e+00	9.50e-01	1.36e-02	1.22e-02
 1.83200e+17	9.77e-01	2.34e-02	1.69e-06	0.00e+00	0.00e+00	0.00e+00	0.00e+00	0.00e+00	0.00e+00	9.51e-01	1.37e-02	1.22e-02
 1.83282e+17	9.77e-01	2.32e-02	1.68e-06	0.00e+00	0.00e+00	0.00e+00	0.00e+00	0.00e+00	0.00e+00	9.51e-01	1.37e-02	1.22e-02
 1.83361e+17	9.77e-01	2.31e-02	1.66e-06	0.00e+00	0.00e+00	0.00e+00	0.00e+00	0.00e+00	0.00e+00	9.51e-01	1.37e-02	1.23e-02
 1.83445e+17	9.77e-01	2.29e-02	1.64e-06	0.00e+00	0.00e+00	0.00e+00	0.00e+00	0.00e+00	0.00e+00	9.51e-01	1.37e-02	1.23e-02
 1.83532e+17	9.78e-01	2.24e-02	1.61e-06	0.00e+00	0.00e+00	0.00e+00	0.00e+00	0.00e+00	0.00e+00	9.52e-01	1.38e-02	1.23e-02
 1.83602e+17	9.78e-01	2.22e-02	1.59e-06	0.00e+00	0.00e+00	0.00e+00	0.00e+00	0.00e+00	0.00e+00	9.52e-01	1.38e-02	1.23e-02
 1.83661e+17	9.78e-01	2.20e-02	1.58e-06	0.00e+00	0.00e+00	0.00e+00	0.00e+00	0.00e+00	0.00e+00	9.52e-01	1.38e-02	1.23e-02
 1.83738e+17	9.78e-01	2.18e-02	1.56e-06	0.00e+00	0.00e+00	0.00e+00	0.00e+00	0.00e+00	0.00e+00	9.52e-01	1.38e-02	1.23e-02
 1.83837e+17	9.79e-01	2.14e-02	1.53e-06	0.00e+00	0.00e+00	0.00e+00	0.00e+00	0.00e+00	0.00e+00	9.52e-01	1.39e-02	1.23e-02
 1.83930e+17	9.79e-01	2.09e-02	1.49e-06	0.00e+00	0.00e+00	0.00e+00	0.00e+00	0.00e+00	0.00e+00	9.53e-01	1.40e-02	1.23e-02
 1.84002e+17	9.79e-01	2.06e-02	1.46e-06	0.00e+00	0.00e+00	0.00e+00	0.00e+00	0.00e+00	0.00e+00	9.53e-01	1.40e-02	1.23e-02
 1.84067e+17	9.80e-01	2.02e-02	1.43e-06	0.00e+00	0.00e+00	0.00e+00	0.00e+00	0.00e+00	0.00e+00	9.53e-01	1.41e-02	1.24e-02
 1.84127e+17	9.80e-01	1.98e-02	1.40e-06	0.00e+00	0.00e+00	0.00e+00	0.00e+00	0.00e+00	0.00e+00	9.54e-01	1.41e-02	1.24e-02
 1.84181e+17	9.81e-01	1.92e-02	1.35e-06	0.00e+00	0.00e+00	0.00e+00	0.00e+00	0.00e+00	0.00e+00	9.54e-01	1.42e-02	1.24e-02
 1.84230e+17	9.88e-01	1.15e-02	7.22e-07	0.00e+00	0.00e+00	0.00e+00	0.00e+00	0.00e+00	0.00e+00	9.60e-01	1.59e-02	1.26e-02
 1.84275e+17	9.89e-01	1.09e-02	6.72e-07	0.00e+00	0.00e+00	0.00e+00	0.00e+00	0.00e+00	0.00e+00	9.60e-01	1.61e-02	1.26e-02
 1.84316e+17	9.90e-01	1.05e-02	6.36e-07	0.00e+00	0.00e+00	0.00e+00	0.00e+00	0.00e+00	0.00e+00	9.61e-01	1.62e-02	1.26e-02
 1.84353e+17	9.90e-01	1.03e-02	6.19e-07	0.00e+00	0.00e+00	0.00e+00	0.00e+00	0.00e+00	0.00e+00	9.61e-01	1.62e-02	1.26e-02
 1.84387e+17	9.90e-01	1.00e-02	6.01e-07	0.00e+00	0.00e+00	0.00e+00	0.00e+00	0.00e+00	0.00e+00	9.61e-01	1.63e-02	1.26e-02
 1.84417e+17	9.90e-01	9.76e-03	5.79e-07	0.00e+00	0.00e+00	0.00e+00	0.00e+00	0.00e+00	0.00e+00	9.61e-01	1.64e-02	1.26e-02
 1.84445e+17	9.90e-01	9.67e-03	5.72e-07	0.00e+00	0.00e+00	0.00e+00	0.00e+00	0.00e+00	0.00e+00	9.61e-01	1.64e-02	1.26e-02
 1.84476e+17	9.90e-01	9.53e-03	5.58e-07	0.00e+00	0.00e+00	0.00e+00	0.00e+00	0.00e+00	0.00e+00	9.61e-01	1.65e-02	1.26e-02
 1.84516e+17	9.91e-01	9.28e-03	5.43e-07	0.00e+00	0.00e+00	0.00e+00	0.00e+00	0.00e+00	0.00e+00	9.62e-01	1.65e-02	1.25e-02
 1.84559e+17	9.91e-01	8.98e-03	5.19e-07	0.00e+00	0.00e+00	0.00e+00	0.00e+00	0.00e+00	0.00e+00	9.62e-01	1.66e-02	1.25e-02
 1.84598e+17	9.91e-01	8.74e-03	5.04e-07	0.00e+00	0.00e+00	0.00e+00	0.00e+00	0.00e+00	0.00e+00	9.62e-01	1.66e-02	1.25e-02
 1.84633e+17	9.91e-01	8.50e-03	4.84e-07	0.00e+00	0.00e+00	0.00e+00	0.00e+00	0.00e+00	0.00e+00	9.62e-01	1.67e-02	1.25e-02
 1.84666e+17	9.92e-01	8.35e-03	4.73e-07	0.00e+00	0.00e+00	0.00e+00	0.00e+00	0.00e+00	0.00e+00	9.62e-01	1.68e-02	1.25e-02
 1.84701e+17	9.92e-01	8.19e-03	4.62e-07	0.00e+00	0.00e+00	0.00e+00	0.00e+00	0.00e+00	0.00e+00	9.63e-01	1.68e-02	1.25e-02
 1.84747e+17	9.92e-01	7.93e-03	4.44e-07	0.00e+00	0.00e+00	0.00e+00	0.00e+00	0.00e+00	0.00e+00	9.63e-01	1.69e-02	1.24e-02
 1.84797e+17	9.92e-01	7.64e-03	4.26e-07	0.00e+00	0.00e+00	0.00e+00	0.00e+00	0.00e+00	0.00e+00	9.63e-01	1.69e-02	1.24e-02
 1.84843e+17	9.93e-01	7.39e-03	4.09e-07	0.00e+00	0.00e+00	0.00e+00	0.00e+00	0.00e+00	0.00e+00	9.63e-01	1.70e-02	1.23e-02
 1.84884e+17	9.93e-01	7.25e-03	4.00e-07	0.00e+00	0.00e+00	0.00e+00	0.00e+00	0.00e+00	0.00e+00	9.63e-01	1.70e-02	1.23e-02
 1.84929e+17	9.93e-01	7.09e-03	3.89e-07	0.00e+00	0.00e+00	0.00e+00	0.00e+00	0.00e+00	0.00e+00	9.64e-01	1.70e-02	1.23e-02
 1.84978e+17	9.93e-01	6.85e-03	3.74e-07	0.00e+00	0.00e+00	0.00e+00	0.00e+00	0.00e+00	0.00e+00	9.64e-01	1.70e-02	1.22e-02
 1.85022e+17	9.93e-01	6.70e-03	3.65e-07	0.00e+00	0.00e+00	0.00e+00	0.00e+00	0.00e+00	0.00e+00	9.64e-01	1.71e-02	1.22e-02
 1.85071e+17	9.93e-01	6.54e-03	3.55e-07	0.00e+00	0.00e+00	0.00e+00	0.00e+00	0.00e+00	0.00e+00	9.64e-01	1.71e-02	1.21e-02
 1.85124e+17	9.94e-01	6.30e-03	3.40e-07	0.00e+00	0.00e+00	0.00e+00	0.00e+00	0.00e+00	0.00e+00	9.64e-01	1.71e-02	1.21e-02
 1.85171e+17	9.94e-01	6.15e-03	3.32e-07	0.00e+00	0.00e+00	0.00e+00	0.00e+00	0.00e+00	0.00e+00	9.65e-01	1.72e-02	1.20e-02
 1.85215e+17	9.94e-01	6.03e-03	3.24e-07	0.00e+00	0.00e+00	0.00e+00	0.00e+00	0.00e+00	0.00e+00	9.65e-01	1.72e-02	1.20e-02
 1.85260e+17	9.94e-01	5.91e-03	3.17e-07	0.00e+00	0.00e+00	0.00e+00	0.00e+00	0.00e+00	0.00e+00	9.65e-01	1.72e-02	1.20e-02
 1.85315e+17	9.94e-01	5.69e-03	3.04e-07	0.00e+00	0.00e+00	0.00e+00	0.00e+00	0.00e+00	0.00e+00	9.65e-01	1.72e-02	1.19e-02
 1.85373e+17	9.95e-01	5.46e-03	2.91e-07	0.00e+00	0.00e+00	0.00e+00	0.00e+00	0.00e+00	0.00e+00	9.66e-01	1.72e-02	1.18e-02
 1.85425e+17	9.95e-01	5.32e-03	2.83e-07	0.00e+00	0.00e+00	0.00e+00	0.00e+00	0.00e+00	0.00e+00	9.66e-01	1.72e-02	1.17e-02
