#depth	N  1	N  2	N  3	N  4	N  5	N  6	N  7	N  8
 3.80977e+14	4.77e-07	5.36e-04	7.56e-02	3.47e-01	3.19e-01	2.50e-01	7.77e-03	4.76e-05
 2.28586e+15	4.71e-07	5.38e-04	7.58e-02	3.48e-01	3.19e-01	2.49e-01	7.73e-03	4.72e-05
 9.90540e+15	4.50e-07	5.44e-04	7.71e-02	3.51e-01	3.18e-01	2.45e-01	7.56e-03	4.59e-05
 4.03835e+16	4.09e-07	5.66e-04	8.16e-02	3.62e-01	3.16e-01	2.33e-01	7.06e-03	4.21e-05
 9.64633e+16	3.70e-07	5.98e-04	8.93e-02	3.82e-01	3.11e-01	2.12e-01	6.16e-03	3.53e-05
 1.62477e+17	3.65e-07	6.21e-04	9.63e-02	3.95e-01	3.04e-01	1.98e-01	5.61e-03	3.12e-05
 2.41405e+17	3.82e-07	6.62e-04	1.05e-01	4.05e-01	2.99e-01	1.85e-01	5.09e-03	2.75e-05
 3.44010e+17	4.29e-07	7.52e-04	1.20e-01	4.21e-01	2.87e-01	1.67e-01	4.41e-03	2.29e-05
 4.42613e+17	4.62e-07	8.25e-04	1.34e-01	4.34e-01	2.75e-01	1.52e-01	3.92e-03	1.98e-05
 5.15447e+17	4.97e-07	8.91e-04	1.46e-01	4.39e-01	2.66e-01	1.44e-01	3.64e-03	1.81e-05
 5.89567e+17	5.62e-07	1.00e-03	1.62e-01	4.46e-01	2.55e-01	1.33e-01	3.31e-03	1.62e-05
 6.72142e+17	6.42e-07	1.14e-03	1.82e-01	4.53e-01	2.40e-01	1.22e-01	2.97e-03	1.43e-05
 7.47286e+17	7.34e-07	1.29e-03	2.02e-01	4.57e-01	2.26e-01	1.11e-01	2.66e-03	1.26e-05
 8.11185e+17	8.21e-07	1.43e-03	2.21e-01	4.59e-01	2.14e-01	1.03e-01	2.43e-03	1.14e-05
 8.78889e+17	9.52e-07	1.62e-03	2.44e-01	4.59e-01	2.00e-01	9.37e-02	2.18e-03	1.01e-05
 9.49148e+17	1.10e-06	1.84e-03	2.69e-01	4.59e-01	1.84e-01	8.46e-02	1.94e-03	8.87e-06
 1.00647e+18	1.24e-06	2.03e-03	2.90e-01	4.57e-01	1.72e-01	7.75e-02	1.75e-03	7.95e-06
 1.05384e+18	1.40e-06	2.26e-03	3.12e-01	4.54e-01	1.60e-01	7.05e-02	1.56e-03	6.93e-06
 1.09229e+18	1.54e-06	2.43e-03	3.28e-01	4.51e-01	1.51e-01	6.57e-02	1.43e-03	6.30e-06
 1.12406e+18	1.66e-06	2.59e-03	3.42e-01	4.48e-01	1.44e-01	6.17e-02	1.33e-03	5.78e-06
 1.15943e+18	1.84e-06	2.80e-03	3.59e-01	4.44e-01	1.36e-01	5.71e-02	1.21e-03	5.17e-06
 1.19666e+18	2.04e-06	3.03e-03	3.77e-01	4.39e-01	1.27e-01	5.24e-02	1.08e-03	4.56e-06
 1.22789e+18	2.22e-06	3.24e-03	3.91e-01	4.36e-01	1.20e-01	4.87e-02	9.84e-04	4.08e-06
 1.25505e+18	2.41e-06	3.44e-03	4.04e-01	4.32e-01	1.14e-01	4.54e-02	8.98e-04	3.65e-06
 1.28533e+18	2.67e-06	3.72e-03	4.20e-01	4.26e-01	1.07e-01	4.17e-02	8.02e-04	3.18e-06
 1.31669e+18	2.96e-06	4.02e-03	4.37e-01	4.20e-01	1.01e-01	3.81e-02	7.09e-04	2.74e-06
 1.34231e+18	3.23e-06	4.29e-03	4.51e-01	4.14e-01	9.53e-02	3.53e-02	6.37e-04	2.40e-06
 1.36450e+18	3.51e-06	4.55e-03	4.63e-01	4.08e-01	9.08e-02	3.28e-02	5.77e-04	2.12e-06
 1.38939e+18	3.88e-06	4.90e-03	4.77e-01	4.02e-01	8.56e-02	3.01e-02	5.10e-04	1.82e-06
 1.41611e+18	4.36e-06	5.33e-03	4.94e-01	3.93e-01	8.01e-02	2.72e-02	4.40e-04	1.51e-06
 1.43885e+18	4.80e-06	5.71e-03	5.07e-01	3.86e-01	7.59e-02	2.50e-02	3.90e-04	1.29e-06
 1.45895e+18	5.26e-06	6.10e-03	5.19e-01	3.79e-01	7.23e-02	2.31e-02	3.47e-04	1.11e-06
 1.48196e+18	5.96e-06	6.66e-03	5.36e-01	3.69e-01	6.78e-02	2.07e-02	2.95e-04	9.05e-07
 1.50576e+18	6.76e-06	7.28e-03	5.52e-01	3.59e-01	6.35e-02	1.86e-02	2.52e-04	0.00e+00
 1.52595e+18	7.46e-06	7.79e-03	5.63e-01	3.51e-01	6.05e-02	1.71e-02	2.22e-04	0.00e+00
 1.54752e+18	8.54e-06	8.56e-03	5.79e-01	3.40e-01	5.67e-02	1.52e-02	1.87e-04	0.00e+00
 1.57044e+18	9.81e-06	9.42e-03	5.95e-01	3.29e-01	5.31e-02	1.35e-02	1.56e-04	0.00e+00
 1.59073e+18	1.10e-05	1.02e-02	6.08e-01	3.19e-01	5.04e-02	1.23e-02	1.34e-04	0.00e+00
 1.61276e+18	1.29e-05	1.13e-02	6.24e-01	3.07e-01	4.70e-02	1.07e-02	1.10e-04	0.00e+00
 1.63625e+18	1.52e-05	1.27e-02	6.40e-01	2.94e-01	4.37e-02	9.36e-03	8.90e-05	0.00e+00
 1.65714e+18	1.74e-05	1.39e-02	6.53e-01	2.83e-01	4.13e-02	8.35e-03	7.48e-05	0.00e+00
 1.67982e+18	2.09e-05	1.57e-02	6.70e-01	2.69e-01	3.83e-02	7.16e-03	5.90e-05	0.00e+00
 1.69947e+18	2.41e-05	1.72e-02	6.82e-01	2.58e-01	3.61e-02	6.37e-03	4.94e-05	0.00e+00
 1.71126e+18	2.65e-05	1.83e-02	6.90e-01	2.51e-01	3.49e-02	5.90e-03	4.38e-05	0.00e+00
 1.72265e+18	2.91e-05	1.95e-02	6.97e-01	2.44e-01	3.36e-02	5.46e-03	3.89e-05	0.00e+00
 1.73747e+18	3.30e-05	2.12e-02	7.07e-01	2.35e-01	3.20e-02	4.90e-03	3.30e-05	0.00e+00
 1.75311e+18	3.78e-05	2.32e-02	7.17e-01	2.25e-01	3.03e-02	4.38e-03	2.77e-05	0.00e+00
 1.76637e+18	4.27e-05	2.51e-02	7.25e-01	2.17e-01	2.89e-02	3.96e-03	2.38e-05	0.00e+00
 1.77816e+18	4.77e-05	2.70e-02	7.33e-01	2.09e-01	2.77e-02	3.61e-03	2.06e-05	0.00e+00
 1.79148e+18	5.43e-05	2.94e-02	7.41e-01	2.00e-01	2.64e-02	3.24e-03	1.74e-05	0.00e+00
 1.80601e+18	6.26e-05	3.22e-02	7.49e-01	1.91e-01	2.50e-02	2.87e-03	1.45e-05	0.00e+00
 1.81881e+18	7.15e-05	3.51e-02	7.56e-01	1.82e-01	2.37e-02	2.56e-03	1.22e-05	0.00e+00
 1.82997e+18	8.06e-05	3.79e-02	7.62e-01	1.75e-01	2.27e-02	2.32e-03	1.05e-05	0.00e+00
 1.84226e+18	9.21e-05	4.14e-02	7.69e-01	1.66e-01	2.16e-02	2.07e-03	8.79e-06	0.00e+00
 1.85557e+18	1.07e-04	4.56e-02	7.75e-01	1.57e-01	2.03e-02	1.81e-03	7.21e-06	0.00e+00
 1.86713e+18	1.23e-04	4.98e-02	7.80e-01	1.49e-01	1.93e-02	1.61e-03	6.03e-06	0.00e+00
 1.87708e+18	1.39e-04	5.39e-02	7.84e-01	1.42e-01	1.84e-02	1.45e-03	5.14e-06	0.00e+00
 1.88803e+18	1.59e-04	5.88e-02	7.88e-01	1.35e-01	1.74e-02	1.29e-03	4.29e-06	0.00e+00
 1.90000e+18	1.86e-04	6.50e-02	7.91e-01	1.26e-01	1.64e-02	1.12e-03	3.48e-06	0.00e+00
 1.91046e+18	2.14e-04	7.09e-02	7.93e-01	1.19e-01	1.55e-02	9.90e-04	2.90e-06	0.00e+00
 1.91956e+18	2.44e-04	7.71e-02	7.94e-01	1.13e-01	1.47e-02	8.79e-04	2.42e-06	0.00e+00
 1.92969e+18	2.83e-04	8.47e-02	7.95e-01	1.06e-01	1.38e-02	7.67e-04	1.98e-06	0.00e+00
 1.94053e+18	3.33e-04	9.40e-02	7.94e-01	9.79e-02	1.29e-02	6.58e-04	1.58e-06	0.00e+00
 1.94973e+18	3.86e-04	1.03e-01	7.92e-01	9.14e-02	1.21e-02	5.74e-04	1.29e-06	0.00e+00
 1.95754e+18	4.40e-04	1.12e-01	7.90e-01	8.60e-02	1.14e-02	5.08e-04	1.07e-06	0.00e+00
 1.96612e+18	5.07e-04	1.22e-01	7.86e-01	8.00e-02	1.07e-02	4.42e-04	8.76e-07	0.00e+00
 1.97565e+18	6.01e-04	1.36e-01	7.80e-01	7.33e-02	9.91e-03	3.74e-04	0.00e+00	0.00e+00
 1.98416e+18	7.00e-04	1.49e-01	7.73e-01	6.76e-02	9.22e-03	3.22e-04	0.00e+00	0.00e+00
 1.99153e+18	8.11e-04	1.63e-01	7.64e-01	6.25e-02	8.57e-03	2.77e-04	0.00e+00	0.00e+00
 1.99858e+18	9.30e-04	1.78e-01	7.55e-01	5.78e-02	8.00e-03	2.40e-04	0.00e+00	0.00e+00
 2.00668e+18	1.10e-03	1.97e-01	7.42e-01	5.24e-02	7.32e-03	2.01e-04	0.00e+00	0.00e+00
 2.01539e+18	1.33e-03	2.20e-01	7.25e-01	4.66e-02	6.58e-03	1.63e-04	0.00e+00	0.00e+00
 2.02282e+18	1.58e-03	2.44e-01	7.07e-01	4.17e-02	5.95e-03	1.34e-04	0.00e+00	0.00e+00
 2.02919e+18	1.83e-03	2.66e-01	6.89e-01	3.77e-02	5.43e-03	1.13e-04	0.00e+00	0.00e+00
 2.03623e+18	2.17e-03	2.93e-01	6.66e-01	3.35e-02	4.87e-03	9.20e-05	0.00e+00	0.00e+00
 2.04538e+18	2.71e-03	3.33e-01	6.32e-01	2.82e-02	4.17e-03	6.92e-05	0.00e+00	0.00e+00
 2.05437e+18	3.49e-03	3.83e-01	5.87e-01	2.30e-02	3.42e-03	4.90e-05	0.00e+00	0.00e+00
 2.06060e+18	4.20e-03	4.22e-01	5.51e-01	1.96e-02	2.94e-03	3.79e-05	0.00e+00	0.00e+00
 2.06517e+18	4.80e-03	4.53e-01	5.22e-01	1.74e-02	2.60e-03	3.10e-05	0.00e+00	0.00e+00
 2.07016e+18	5.55e-03	4.87e-01	4.90e-01	1.51e-02	2.27e-03	2.48e-05	0.00e+00	0.00e+00
 2.07665e+18	6.76e-03	5.35e-01	4.44e-01	1.23e-02	1.84e-03	1.78e-05	0.00e+00	0.00e+00
 2.08336e+18	8.44e-03	5.92e-01	3.89e-01	9.55e-03	1.42e-03	1.20e-05	0.00e+00	0.00e+00
 2.08857e+18	1.02e-02	6.40e-01	3.41e-01	7.66e-03	1.11e-03	8.45e-06	0.00e+00	0.00e+00
 2.09257e+18	1.17e-02	6.76e-01	3.05e-01	6.43e-03	9.11e-04	6.40e-06	0.00e+00	0.00e+00
 2.09680e+18	1.36e-02	7.12e-01	2.68e-01	5.28e-03	7.24e-04	4.68e-06	0.00e+00	0.00e+00
 2.10230e+18	1.65e-02	7.59e-01	2.20e-01	4.03e-03	5.18e-04	3.03e-06	0.00e+00	0.00e+00
 2.10769e+18	2.06e-02	8.05e-01	1.71e-01	2.94e-03	3.39e-04	1.81e-06	0.00e+00	0.00e+00
 2.11145e+18	2.44e-02	8.35e-01	1.38e-01	2.32e-03	2.39e-04	1.21e-06	0.00e+00	0.00e+00
 2.11423e+18	2.76e-02	8.54e-01	1.16e-01	1.95e-03	1.82e-04	9.03e-07	0.00e+00	0.00e+00
 2.11722e+18	3.15e-02	8.71e-01	9.57e-02	1.63e-03	1.35e-04	0.00e+00	0.00e+00	0.00e+00
 2.12058e+18	3.71e-02	8.87e-01	7.42e-02	1.31e-03	9.10e-05	0.00e+00	0.00e+00	0.00e+00
 2.12352e+18	4.36e-02	8.98e-01	5.69e-02	1.07e-03	6.08e-05	0.00e+00	0.00e+00	0.00e+00
 2.12576e+18	4.97e-02	9.04e-01	4.56e-02	9.13e-04	4.35e-05	0.00e+00	0.00e+00	0.00e+00
 2.12760e+18	5.55e-02	9.06e-01	3.76e-02	8.04e-04	3.27e-05	0.00e+00	0.00e+00	0.00e+00
 2.12961e+18	6.27e-02	9.06e-01	3.04e-02	7.02e-04	2.38e-05	0.00e+00	0.00e+00	0.00e+00
 2.13185e+18	7.29e-02	9.03e-01	2.31e-02	5.95e-04	1.60e-05	0.00e+00	0.00e+00	0.00e+00
 2.13380e+18	8.43e-02	8.97e-01	1.77e-02	5.11e-04	1.08e-05	0.00e+00	0.00e+00	0.00e+00
 2.13533e+18	9.50e-02	8.90e-01	1.43e-02	4.53e-04	7.95e-06	0.00e+00	0.00e+00	0.00e+00
 2.13665e+18	1.05e-01	8.82e-01	1.18e-02	4.09e-04	6.05e-06	0.00e+00	0.00e+00	0.00e+00
 2.13794e+18	1.17e-01	8.73e-01	9.66e-03	3.69e-04	4.59e-06	0.00e+00	0.00e+00	0.00e+00
 2.13919e+18	1.30e-01	8.62e-01	7.91e-03	3.33e-04	3.48e-06	0.00e+00	0.00e+00	0.00e+00
 2.14028e+18	1.43e-01	8.50e-01	6.60e-03	3.03e-04	2.71e-06	0.00e+00	0.00e+00	0.00e+00
 2.14121e+18	1.55e-01	8.39e-01	5.66e-03	2.80e-04	2.19e-06	0.00e+00	0.00e+00	0.00e+00
 2.14205e+18	1.66e-01	8.29e-01	4.94e-03	2.62e-04	1.82e-06	0.00e+00	0.00e+00	0.00e+00
 2.14289e+18	1.78e-01	8.18e-01	4.31e-03	2.45e-04	1.52e-06	0.00e+00	0.00e+00	0.00e+00
 2.14359e+18	1.89e-01	8.07e-01	3.82e-03	2.30e-04	1.29e-06	0.00e+00	0.00e+00	0.00e+00
 2.14405e+18	1.96e-01	8.00e-01	3.56e-03	2.22e-04	1.18e-06	0.00e+00	0.00e+00	0.00e+00
 2.14447e+18	2.02e-01	7.94e-01	3.36e-03	2.16e-04	1.09e-06	0.00e+00	0.00e+00	0.00e+00
 2.14499e+18	2.11e-01	7.86e-01	3.10e-03	2.07e-04	9.77e-07	0.00e+00	0.00e+00	0.00e+00
 2.14559e+18	2.21e-01	7.76e-01	2.82e-03	1.97e-04	0.00e+00	0.00e+00	0.00e+00	0.00e+00
 2.14614e+18	2.31e-01	7.67e-01	2.60e-03	1.88e-04	0.00e+00	0.00e+00	0.00e+00	0.00e+00
 2.14661e+18	2.38e-01	7.59e-01	2.43e-03	1.82e-04	0.00e+00	0.00e+00	0.00e+00	0.00e+00
 2.14712e+18	2.47e-01	7.51e-01	2.27e-03	1.76e-04	0.00e+00	0.00e+00	0.00e+00	0.00e+00
 2.14769e+18	2.57e-01	7.40e-01	2.10e-03	1.68e-04	0.00e+00	0.00e+00	0.00e+00	0.00e+00
 2.14828e+18	2.68e-01	7.30e-01	1.94e-03	1.61e-04	0.00e+00	0.00e+00	0.00e+00	0.00e+00
 2.14882e+18	2.77e-01	7.21e-01	1.82e-03	1.55e-04	0.00e+00	0.00e+00	0.00e+00	0.00e+00
 2.14936e+18	2.85e-01	7.13e-01	1.72e-03	1.50e-04	0.00e+00	0.00e+00	0.00e+00	0.00e+00
 2.14998e+18	2.96e-01	7.03e-01	1.60e-03	1.44e-04	0.00e+00	0.00e+00	0.00e+00	0.00e+00
 2.15066e+18	3.07e-01	6.92e-01	1.50e-03	1.38e-04	0.00e+00	0.00e+00	0.00e+00	0.00e+00
 2.15130e+18	3.16e-01	6.83e-01	1.41e-03	1.34e-04	0.00e+00	0.00e+00	0.00e+00	0.00e+00
 2.15197e+18	3.24e-01	6.74e-01	1.35e-03	1.30e-04	0.00e+00	0.00e+00	0.00e+00	0.00e+00
 2.15278e+18	3.35e-01	6.63e-01	1.26e-03	1.24e-04	0.00e+00	0.00e+00	0.00e+00	0.00e+00
 2.15365e+18	3.45e-01	6.53e-01	1.20e-03	1.20e-04	0.00e+00	0.00e+00	0.00e+00	0.00e+00
 2.15452e+18	3.54e-01	6.45e-01	1.15e-03	1.17e-04	0.00e+00	0.00e+00	0.00e+00	0.00e+00
 2.15552e+18	3.62e-01	6.37e-01	1.10e-03	1.13e-04	0.00e+00	0.00e+00	0.00e+00	0.00e+00
 2.15677e+18	3.71e-01	6.28e-01	1.05e-03	1.10e-04	0.00e+00	0.00e+00	0.00e+00	0.00e+00
 2.15815e+18	3.78e-01	6.21e-01	1.01e-03	1.07e-04	0.00e+00	0.00e+00	0.00e+00	0.00e+00
 2.15948e+18	3.84e-01	6.15e-01	9.88e-04	1.05e-04	0.00e+00	0.00e+00	0.00e+00	0.00e+00
 2.16077e+18	3.88e-01	6.11e-01	9.69e-04	1.03e-04	0.00e+00	0.00e+00	0.00e+00	0.00e+00
 2.16204e+18	3.91e-01	6.08e-01	9.56e-04	1.02e-04	0.00e+00	0.00e+00	0.00e+00	0.00e+00
 2.16330e+18	3.94e-01	6.05e-01	9.45e-04	1.01e-04	0.00e+00	0.00e+00	0.00e+00	0.00e+00
 2.16473e+18	3.96e-01	6.03e-01	9.35e-04	1.00e-04	0.00e+00	0.00e+00	0.00e+00	0.00e+00
 2.16659e+18	3.99e-01	6.00e-01	9.23e-04	9.94e-05	0.00e+00	0.00e+00	0.00e+00	0.00e+00
 2.16901e+18	4.02e-01	5.97e-01	9.10e-04	9.83e-05	0.00e+00	0.00e+00	0.00e+00	0.00e+00
 2.17215e+18	4.06e-01	5.93e-01	8.93e-04	9.68e-05	0.00e+00	0.00e+00	0.00e+00	0.00e+00
 2.17624e+18	4.11e-01	5.88e-01	8.76e-04	9.54e-05	0.00e+00	0.00e+00	0.00e+00	0.00e+00
 2.18156e+18	4.16e-01	5.83e-01	8.54e-04	9.35e-05	0.00e+00	0.00e+00	0.00e+00	0.00e+00
 2.18847e+18	4.23e-01	5.76e-01	8.30e-04	9.12e-05	0.00e+00	0.00e+00	0.00e+00	0.00e+00
 2.19745e+18	4.32e-01	5.67e-01	8.00e-04	8.84e-05	0.00e+00	0.00e+00	0.00e+00	0.00e+00
 2.20913e+18	4.43e-01	5.56e-01	7.65e-04	8.50e-05	0.00e+00	0.00e+00	0.00e+00	0.00e+00
 2.22431e+18	4.57e-01	5.42e-01	7.24e-04	8.05e-05	0.00e+00	0.00e+00	0.00e+00	0.00e+00
 2.24316e+18	4.73e-01	5.26e-01	6.94e-04	7.56e-05	0.00e+00	0.00e+00	0.00e+00	0.00e+00
 2.26439e+18	4.90e-01	5.09e-01	6.52e-04	7.08e-05	0.00e+00	0.00e+00	0.00e+00	0.00e+00
 2.28558e+18	5.07e-01	4.92e-01	6.16e-04	6.63e-05	0.00e+00	0.00e+00	0.00e+00	0.00e+00
 2.30665e+18	5.23e-01	4.76e-01	5.85e-04	6.20e-05	0.00e+00	0.00e+00	0.00e+00	0.00e+00
 2.32993e+18	5.31e-01	4.68e-01	5.54e-04	5.89e-05	0.00e+00	0.00e+00	0.00e+00	0.00e+00
 2.35405e+18	5.48e-01	4.52e-01	5.22e-04	5.49e-05	0.00e+00	0.00e+00	0.00e+00	0.00e+00
 2.37783e+18	5.62e-01	4.37e-01	5.01e-04	5.13e-05	0.00e+00	0.00e+00	0.00e+00	0.00e+00
 2.40335e+18	5.79e-01	4.21e-01	4.73e-04	4.76e-05	0.00e+00	0.00e+00	0.00e+00	0.00e+00
 2.43181e+18	5.96e-01	4.04e-01	4.45e-04	4.39e-05	0.00e+00	0.00e+00	0.00e+00	0.00e+00
 2.45996e+18	6.12e-01	3.87e-01	4.19e-04	4.04e-05	0.00e+00	0.00e+00	0.00e+00	0.00e+00
 2.48678e+18	6.26e-01	3.73e-01	3.98e-04	3.76e-05	0.00e+00	0.00e+00	0.00e+00	0.00e+00
 2.51551e+18	6.42e-01	3.58e-01	3.75e-04	3.46e-05	0.00e+00	0.00e+00	0.00e+00	0.00e+00
 2.54599e+18	6.59e-01	3.41e-01	3.52e-04	3.16e-05	0.00e+00	0.00e+00	0.00e+00	0.00e+00
 2.57819e+18	6.75e-01	3.25e-01	3.31e-04	2.88e-05	0.00e+00	0.00e+00	0.00e+00	0.00e+00
 2.61051e+18	6.91e-01	3.09e-01	3.10e-04	2.63e-05	0.00e+00	0.00e+00	0.00e+00	0.00e+00
 2.64035e+18	7.04e-01	2.96e-01	2.94e-04	2.41e-05	0.00e+00	0.00e+00	0.00e+00	0.00e+00
 2.67043e+18	7.18e-01	2.82e-01	2.77e-04	2.21e-05	0.00e+00	0.00e+00	0.00e+00	0.00e+00
 2.70361e+18	7.33e-01	2.66e-01	2.59e-04	1.99e-05	0.00e+00	0.00e+00	0.00e+00	0.00e+00
 2.73800e+18	7.48e-01	2.51e-01	2.42e-04	1.79e-05	0.00e+00	0.00e+00	0.00e+00	0.00e+00
 2.77087e+18	7.62e-01	2.38e-01	2.27e-04	1.63e-05	0.00e+00	0.00e+00	0.00e+00	0.00e+00
 2.80181e+18	7.74e-01	2.26e-01	2.13e-04	1.47e-05	0.00e+00	0.00e+00	0.00e+00	0.00e+00
 2.83416e+18	7.86e-01	2.14e-01	2.00e-04	1.34e-05	0.00e+00	0.00e+00	0.00e+00	0.00e+00
 2.86336e+18	7.97e-01	2.02e-01	1.89e-04	1.22e-05	0.00e+00	0.00e+00	0.00e+00	0.00e+00
 2.88357e+18	8.03e-01	1.97e-01	1.82e-04	1.15e-05	0.00e+00	0.00e+00	0.00e+00	0.00e+00
 2.90079e+18	8.07e-01	1.92e-01	1.77e-04	1.10e-05	0.00e+00	0.00e+00	0.00e+00	0.00e+00
 2.92142e+18	8.16e-01	1.84e-01	1.69e-04	1.02e-05	0.00e+00	0.00e+00	0.00e+00	0.00e+00
 2.94305e+18	8.24e-01	1.76e-01	1.61e-04	9.45e-06	0.00e+00	0.00e+00	0.00e+00	0.00e+00
 2.96119e+18	8.29e-01	1.71e-01	1.56e-04	8.94e-06	0.00e+00	0.00e+00	0.00e+00	0.00e+00
 2.97847e+18	8.35e-01	1.65e-01	1.50e-04	8.38e-06	0.00e+00	0.00e+00	0.00e+00	0.00e+00
 2.99684e+18	8.40e-01	1.59e-01	1.44e-04	7.93e-06	0.00e+00	0.00e+00	0.00e+00	0.00e+00
 3.01509e+18	8.47e-01	1.53e-01	1.38e-04	7.38e-06	0.00e+00	0.00e+00	0.00e+00	0.00e+00
 3.03145e+18	8.52e-01	1.48e-01	1.34e-04	6.99e-06	0.00e+00	0.00e+00	0.00e+00	0.00e+00
 3.04679e+18	8.56e-01	1.44e-01	1.29e-04	6.64e-06	0.00e+00	0.00e+00	0.00e+00	0.00e+00
 3.06431e+18	8.62e-01	1.38e-01	1.24e-04	6.18e-06	0.00e+00	0.00e+00	0.00e+00	0.00e+00
 3.08147e+18	8.68e-01	1.32e-01	1.19e-04	5.77e-06	0.00e+00	0.00e+00	0.00e+00	0.00e+00
 3.09489e+18	8.71e-01	1.29e-01	1.16e-04	5.53e-06	0.00e+00	0.00e+00	0.00e+00	0.00e+00
 3.10825e+18	8.74e-01	1.26e-01	1.13e-04	5.28e-06	0.00e+00	0.00e+00	0.00e+00	0.00e+00
 3.12492e+18	8.80e-01	1.20e-01	1.08e-04	4.91e-06	0.00e+00	0.00e+00	0.00e+00	0.00e+00
 3.14078e+18	8.84e-01	1.15e-01	1.04e-04	4.60e-06	0.00e+00	0.00e+00	0.00e+00	0.00e+00
 3.15268e+18	8.87e-01	1.13e-01	1.01e-04	4.42e-06	0.00e+00	0.00e+00	0.00e+00	0.00e+00
 3.16405e+18	8.89e-01	1.10e-01	9.84e-05	4.24e-06	0.00e+00	0.00e+00	0.00e+00	0.00e+00
 3.17830e+18	8.94e-01	1.06e-01	9.46e-05	3.97e-06	0.00e+00	0.00e+00	0.00e+00	0.00e+00
 3.19264e+18	8.98e-01	1.02e-01	9.11e-05	3.72e-06	0.00e+00	0.00e+00	0.00e+00	0.00e+00
 3.20366e+18	9.00e-01	9.96e-02	8.91e-05	3.59e-06	0.00e+00	0.00e+00	0.00e+00	0.00e+00
 3.21456e+18	9.03e-01	9.73e-02	8.68e-05	3.44e-06	0.00e+00	0.00e+00	0.00e+00	0.00e+00
 3.22841e+18	9.07e-01	9.32e-02	8.33e-05	3.21e-06	0.00e+00	0.00e+00	0.00e+00	0.00e+00
 3.24146e+18	9.10e-01	8.96e-02	8.04e-05	3.02e-06	0.00e+00	0.00e+00	0.00e+00	0.00e+00
 3.25067e+18	9.12e-01	8.78e-02	7.87e-05	2.91e-06	0.00e+00	0.00e+00	0.00e+00	0.00e+00
 3.25955e+18	9.13e-01	8.64e-02	7.71e-05	2.83e-06	0.00e+00	0.00e+00	0.00e+00	0.00e+00
 3.27109e+18	9.17e-01	8.32e-02	7.45e-05	2.66e-06	0.00e+00	0.00e+00	0.00e+00	0.00e+00
 3.28270e+18	9.20e-01	8.00e-02	7.21e-05	2.51e-06	0.00e+00	0.00e+00	0.00e+00	0.00e+00
 3.29155e+18	9.21e-01	7.85e-02	7.06e-05	2.43e-06	0.00e+00	0.00e+00	0.00e+00	0.00e+00
 3.30021e+18	9.23e-01	7.69e-02	6.90e-05	2.34e-06	0.00e+00	0.00e+00	0.00e+00	0.00e+00
 3.31147e+18	9.26e-01	7.37e-02	6.65e-05	2.20e-06	0.00e+00	0.00e+00	0.00e+00	0.00e+00
 3.32220e+18	9.29e-01	7.09e-02	6.44e-05	2.07e-06	0.00e+00	0.00e+00	0.00e+00	0.00e+00
 3.32951e+18	9.30e-01	6.98e-02	6.33e-05	2.02e-06	0.00e+00	0.00e+00	0.00e+00	0.00e+00
 3.33627e+18	9.31e-01	6.88e-02	6.23e-05	1.96e-06	0.00e+00	0.00e+00	0.00e+00	0.00e+00
 3.34505e+18	9.33e-01	6.65e-02	6.04e-05	1.86e-06	0.00e+00	0.00e+00	0.00e+00	0.00e+00
 3.35389e+18	9.35e-01	6.46e-02	5.90e-05	1.78e-06	0.00e+00	0.00e+00	0.00e+00	0.00e+00
 3.36115e+18	9.37e-01	6.32e-02	5.77e-05	1.72e-06	0.00e+00	0.00e+00	0.00e+00	0.00e+00
 3.36837e+18	9.38e-01	6.18e-02	5.65e-05	1.66e-06	0.00e+00	0.00e+00	0.00e+00	0.00e+00
 3.37635e+18	9.40e-01	5.97e-02	5.48e-05	1.57e-06	0.00e+00	0.00e+00	0.00e+00	0.00e+00
 3.38353e+18	9.42e-01	5.82e-02	5.36e-05	1.52e-06	0.00e+00	0.00e+00	0.00e+00	0.00e+00
 3.38945e+18	9.43e-01	5.74e-02	5.28e-05	1.48e-06	0.00e+00	0.00e+00	0.00e+00	0.00e+00
 3.39612e+18	9.43e-01	5.67e-02	5.20e-05	1.44e-06	0.00e+00	0.00e+00	0.00e+00	0.00e+00
 3.40478e+18	9.45e-01	5.46e-02	5.04e-05	1.36e-06	0.00e+00	0.00e+00	0.00e+00	0.00e+00
 3.41308e+18	9.47e-01	5.26e-02	4.89e-05	1.29e-06	0.00e+00	0.00e+00	0.00e+00	0.00e+00
 3.41860e+18	9.48e-01	5.18e-02	4.82e-05	1.26e-06	0.00e+00	0.00e+00	0.00e+00	0.00e+00
 3.42348e+18	9.49e-01	5.13e-02	4.76e-05	1.23e-06	0.00e+00	0.00e+00	0.00e+00	0.00e+00
 3.42982e+18	9.50e-01	5.00e-02	4.66e-05	1.19e-06	0.00e+00	0.00e+00	0.00e+00	0.00e+00
 3.43700e+18	9.52e-01	4.81e-02	4.52e-05	1.13e-06	0.00e+00	0.00e+00	0.00e+00	0.00e+00
 3.44275e+18	9.53e-01	4.71e-02	4.44e-05	1.09e-06	0.00e+00	0.00e+00	0.00e+00	0.00e+00
 3.44700e+18	9.53e-01	4.65e-02	4.38e-05	1.07e-06	0.00e+00	0.00e+00	0.00e+00	0.00e+00
 3.45179e+18	9.54e-01	4.57e-02	4.31e-05	1.04e-06	0.00e+00	0.00e+00	0.00e+00	0.00e+00
 3.45797e+18	9.56e-01	4.42e-02	4.19e-05	9.87e-07	0.00e+00	0.00e+00	0.00e+00	0.00e+00
 3.46369e+18	9.57e-01	4.31e-02	4.11e-05	0.00e+00	0.00e+00	0.00e+00	0.00e+00	0.00e+00
 3.46765e+18	9.58e-01	4.24e-02	4.05e-05	0.00e+00	0.00e+00	0.00e+00	0.00e+00	0.00e+00
 3.47156e+18	9.58e-01	4.19e-02	4.00e-05	0.00e+00	0.00e+00	0.00e+00	0.00e+00	0.00e+00
 3.47666e+18	9.59e-01	4.09e-02	3.92e-05	0.00e+00	0.00e+00	0.00e+00	0.00e+00	0.00e+00
 3.48193e+18	9.61e-01	3.94e-02	3.82e-05	0.00e+00	0.00e+00	0.00e+00	0.00e+00	0.00e+00
 3.48572e+18	9.61e-01	3.89e-02	3.77e-05	0.00e+00	0.00e+00	0.00e+00	0.00e+00	0.00e+00
 3.48795e+18	9.61e-01	3.87e-02	3.74e-05	0.00e+00	0.00e+00	0.00e+00	0.00e+00	0.00e+00
 3.48988e+18	9.61e-01	3.86e-02	3.72e-05	0.00e+00	0.00e+00	0.00e+00	0.00e+00	0.00e+00
 3.49239e+18	9.62e-01	3.81e-02	3.69e-05	0.00e+00	0.00e+00	0.00e+00	0.00e+00	0.00e+00
 3.49498e+18	9.62e-01	3.75e-02	3.65e-05	0.00e+00	0.00e+00	0.00e+00	0.00e+00	0.00e+00
 3.49685e+18	9.63e-01	3.72e-02	3.62e-05	0.00e+00	0.00e+00	0.00e+00	0.00e+00	0.00e+00
 3.49815e+18	9.63e-01	3.71e-02	3.60e-05	0.00e+00	0.00e+00	0.00e+00	0.00e+00	0.00e+00
 3.49952e+18	9.63e-01	3.68e-02	3.58e-05	0.00e+00	0.00e+00	0.00e+00	0.00e+00	0.00e+00
 3.50131e+18	9.63e-01	3.65e-02	3.56e-05	0.00e+00	0.00e+00	0.00e+00	0.00e+00	0.00e+00
 3.50345e+18	9.64e-01	3.61e-02	3.53e-05	0.00e+00	0.00e+00	0.00e+00	0.00e+00	0.00e+00
 3.50532e+18	9.64e-01	3.57e-02	3.50e-05	0.00e+00	0.00e+00	0.00e+00	0.00e+00	0.00e+00
 3.50660e+18	9.64e-01	3.55e-02	3.48e-05	0.00e+00	0.00e+00	0.00e+00	0.00e+00	0.00e+00
 3.50774e+18	9.65e-01	3.53e-02	3.46e-05	0.00e+00	0.00e+00	0.00e+00	0.00e+00	0.00e+00
 3.50915e+18	9.65e-01	3.51e-02	3.44e-05	0.00e+00	0.00e+00	0.00e+00	0.00e+00	0.00e+00
 3.51083e+18	9.65e-01	3.47e-02	3.42e-05	0.00e+00	0.00e+00	0.00e+00	0.00e+00	0.00e+00
 3.51243e+18	9.66e-01	3.44e-02	3.39e-05	0.00e+00	0.00e+00	0.00e+00	0.00e+00	0.00e+00
 3.51379e+18	9.66e-01	3.41e-02	3.37e-05	0.00e+00	0.00e+00	0.00e+00	0.00e+00	0.00e+00
 3.51502e+18	9.66e-01	3.39e-02	3.35e-05	0.00e+00	0.00e+00	0.00e+00	0.00e+00	0.00e+00
 3.51639e+18	9.66e-01	3.37e-02	3.33e-05	0.00e+00	0.00e+00	0.00e+00	0.00e+00	0.00e+00
 3.51801e+18	9.67e-01	3.34e-02	3.31e-05	0.00e+00	0.00e+00	0.00e+00	0.00e+00	0.00e+00
 3.51963e+18	9.67e-01	3.31e-02	3.29e-05	0.00e+00	0.00e+00	0.00e+00	0.00e+00	0.00e+00
 3.52107e+18	9.67e-01	3.29e-02	3.27e-05	0.00e+00	0.00e+00	0.00e+00	0.00e+00	0.00e+00
 3.52237e+18	9.67e-01	3.27e-02	3.25e-05	0.00e+00	0.00e+00	0.00e+00	0.00e+00	0.00e+00
 3.52366e+18	9.68e-01	3.24e-02	3.23e-05	0.00e+00	0.00e+00	0.00e+00	0.00e+00	0.00e+00
 3.52504e+18	9.68e-01	3.22e-02	3.21e-05	0.00e+00	0.00e+00	0.00e+00	0.00e+00	0.00e+00
 3.52661e+18	9.68e-01	3.20e-02	3.19e-05	0.00e+00	0.00e+00	0.00e+00	0.00e+00	0.00e+00
 3.52812e+18	9.68e-01	3.17e-02	3.17e-05	0.00e+00	0.00e+00	0.00e+00	0.00e+00	0.00e+00
 3.52940e+18	9.68e-01	3.15e-02	3.16e-05	0.00e+00	0.00e+00	0.00e+00	0.00e+00	0.00e+00
 3.53068e+18	9.69e-01	3.14e-02	3.14e-05	0.00e+00	0.00e+00	0.00e+00	0.00e+00	0.00e+00
 3.53216e+18	9.69e-01	3.11e-02	3.12e-05	0.00e+00	0.00e+00	0.00e+00	0.00e+00	0.00e+00
 3.53375e+18	9.69e-01	3.09e-02	3.10e-05	0.00e+00	0.00e+00	0.00e+00	0.00e+00	0.00e+00
 3.53516e+18	9.69e-01	3.06e-02	3.08e-05	0.00e+00	0.00e+00	0.00e+00	0.00e+00	0.00e+00
 3.53636e+18	9.69e-01	3.05e-02	3.07e-05	0.00e+00	0.00e+00	0.00e+00	0.00e+00	0.00e+00
 3.53769e+18	9.70e-01	3.03e-02	3.06e-05	0.00e+00	0.00e+00	0.00e+00	0.00e+00	0.00e+00
 3.53933e+18	9.70e-01	3.01e-02	3.04e-05	0.00e+00	0.00e+00	0.00e+00	0.00e+00	0.00e+00
 3.54094e+18	9.70e-01	2.99e-02	3.02e-05	0.00e+00	0.00e+00	0.00e+00	0.00e+00	0.00e+00
 3.54222e+18	9.70e-01	2.97e-02	3.01e-05	0.00e+00	0.00e+00	0.00e+00	0.00e+00	0.00e+00
 3.54339e+18	9.70e-01	2.96e-02	2.99e-05	0.00e+00	0.00e+00	0.00e+00	0.00e+00	0.00e+00
 3.54481e+18	9.71e-01	2.94e-02	2.98e-05	0.00e+00	0.00e+00	0.00e+00	0.00e+00	0.00e+00
 3.54650e+18	9.71e-01	2.92e-02	2.96e-05	0.00e+00	0.00e+00	0.00e+00	0.00e+00	0.00e+00
 3.54806e+18	9.71e-01	2.90e-02	2.95e-05	0.00e+00	0.00e+00	0.00e+00	0.00e+00	0.00e+00
 3.54933e+18	9.71e-01	2.89e-02	2.94e-05	0.00e+00	0.00e+00	0.00e+00	0.00e+00	0.00e+00
 3.55068e+18	9.71e-01	2.88e-02	2.92e-05	0.00e+00	0.00e+00	0.00e+00	0.00e+00	0.00e+00
 3.55228e+18	9.71e-01	2.86e-02	2.91e-05	0.00e+00	0.00e+00	0.00e+00	0.00e+00	0.00e+00
 3.55393e+18	9.72e-01	2.84e-02	2.89e-05	0.00e+00	0.00e+00	0.00e+00	0.00e+00	0.00e+00
 3.55544e+18	9.72e-01	2.84e-02	2.88e-05	0.00e+00	0.00e+00	0.00e+00	0.00e+00	0.00e+00
 3.55688e+18	9.72e-01	2.83e-02	2.87e-05	0.00e+00	0.00e+00	0.00e+00	0.00e+00	0.00e+00
 3.55849e+18	9.72e-01	2.81e-02	2.86e-05	0.00e+00	0.00e+00	0.00e+00	0.00e+00	0.00e+00
 3.56033e+18	9.72e-01	2.79e-02	2.85e-05	0.00e+00	0.00e+00	0.00e+00	0.00e+00	0.00e+00
 3.56206e+18	9.72e-01	2.78e-02	2.83e-05	0.00e+00	0.00e+00	0.00e+00	0.00e+00	0.00e+00
 3.56365e+18	9.72e-01	2.78e-02	2.82e-05	0.00e+00	0.00e+00	0.00e+00	0.00e+00	0.00e+00
 3.56524e+18	9.72e-01	2.76e-02	2.82e-05	0.00e+00	0.00e+00	0.00e+00	0.00e+00	0.00e+00
 3.56706e+18	9.72e-01	2.75e-02	2.80e-05	0.00e+00	0.00e+00	0.00e+00	0.00e+00	0.00e+00
 3.56916e+18	9.73e-01	2.74e-02	2.79e-05	0.00e+00	0.00e+00	0.00e+00	0.00e+00	0.00e+00
 3.57113e+18	9.73e-01	2.73e-02	2.78e-05	0.00e+00	0.00e+00	0.00e+00	0.00e+00	0.00e+00
 3.57289e+18	9.73e-01	2.73e-02	2.78e-05	0.00e+00	0.00e+00	0.00e+00	0.00e+00	0.00e+00
 3.57483e+18	9.73e-01	2.72e-02	2.77e-05	0.00e+00	0.00e+00	0.00e+00	0.00e+00	0.00e+00
 3.57736e+18	9.73e-01	2.70e-02	2.75e-05	0.00e+00	0.00e+00	0.00e+00	0.00e+00	0.00e+00
 3.57990e+18	9.73e-01	2.69e-02	2.74e-05	0.00e+00	0.00e+00	0.00e+00	0.00e+00	0.00e+00
 3.58191e+18	9.73e-01	2.69e-02	2.73e-05	0.00e+00	0.00e+00	0.00e+00	0.00e+00	0.00e+00
 3.58389e+18	9.73e-01	2.69e-02	2.73e-05	0.00e+00	0.00e+00	0.00e+00	0.00e+00	0.00e+00
 3.58637e+18	9.73e-01	2.68e-02	2.72e-05	0.00e+00	0.00e+00	0.00e+00	0.00e+00	0.00e+00
 3.58922e+18	9.73e-01	2.67e-02	2.71e-05	0.00e+00	0.00e+00	0.00e+00	0.00e+00	0.00e+00
 3.59189e+18	9.73e-01	2.66e-02	2.69e-05	0.00e+00	0.00e+00	0.00e+00	0.00e+00	0.00e+00
 3.59440e+18	9.73e-01	2.65e-02	2.68e-05	0.00e+00	0.00e+00	0.00e+00	0.00e+00	0.00e+00
 3.59737e+18	9.74e-01	2.64e-02	2.67e-05	0.00e+00	0.00e+00	0.00e+00	0.00e+00	0.00e+00
 3.60116e+18	9.74e-01	2.61e-02	2.65e-05	0.00e+00	0.00e+00	0.00e+00	0.00e+00	0.00e+00
 3.60527e+18	9.74e-01	2.59e-02	2.63e-05	0.00e+00	0.00e+00	0.00e+00	0.00e+00	0.00e+00
 3.60885e+18	9.74e-01	2.58e-02	2.62e-05	0.00e+00	0.00e+00	0.00e+00	0.00e+00	0.00e+00
 3.61218e+18	9.74e-01	2.57e-02	2.61e-05	0.00e+00	0.00e+00	0.00e+00	0.00e+00	0.00e+00
 3.61620e+18	9.74e-01	2.55e-02	2.59e-05	0.00e+00	0.00e+00	0.00e+00	0.00e+00	0.00e+00
 3.62143e+18	9.75e-01	2.51e-02	2.55e-05	0.00e+00	0.00e+00	0.00e+00	0.00e+00	0.00e+00
 3.62712e+18	9.75e-01	2.47e-02	2.52e-05	0.00e+00	0.00e+00	0.00e+00	0.00e+00	0.00e+00
 3.63236e+18	9.76e-01	2.44e-02	2.50e-05	0.00e+00	0.00e+00	0.00e+00	0.00e+00	0.00e+00
 3.63810e+18	9.76e-01	2.40e-02	2.46e-05	0.00e+00	0.00e+00	0.00e+00	0.00e+00	0.00e+00
 3.64557e+18	9.77e-01	2.33e-02	2.41e-05	0.00e+00	0.00e+00	0.00e+00	0.00e+00	0.00e+00
 3.65388e+18	9.77e-01	2.26e-02	2.36e-05	0.00e+00	0.00e+00	0.00e+00	0.00e+00	0.00e+00
 3.66190e+18	9.78e-01	2.20e-02	2.31e-05	0.00e+00	0.00e+00	0.00e+00	0.00e+00	0.00e+00
 3.67049e+18	9.79e-01	2.13e-02	2.25e-05	0.00e+00	0.00e+00	0.00e+00	0.00e+00	0.00e+00
 3.68035e+18	9.80e-01	2.04e-02	2.19e-05	0.00e+00	0.00e+00	0.00e+00	0.00e+00	0.00e+00
 3.69003e+18	9.80e-01	1.94e-02	2.12e-05	0.00e+00	0.00e+00	0.00e+00	0.00e+00	0.00e+00
 3.69835e+18	9.81e-01	1.88e-02	2.07e-05	0.00e+00	0.00e+00	0.00e+00	0.00e+00	0.00e+00
 3.70699e+18	9.82e-01	1.80e-02	2.01e-05	0.00e+00	0.00e+00	0.00e+00	0.00e+00	0.00e+00
 3.71704e+18	9.83e-01	1.68e-02	1.93e-05	0.00e+00	0.00e+00	0.00e+00	0.00e+00	0.00e+00
 3.72588e+18	9.84e-01	1.58e-02	1.86e-05	0.00e+00	0.00e+00	0.00e+00	0.00e+00	0.00e+00
 3.73225e+18	9.85e-01	1.52e-02	1.82e-05	0.00e+00	0.00e+00	0.00e+00	0.00e+00	0.00e+00
 3.73863e+18	9.86e-01	1.44e-02	1.76e-05	0.00e+00	0.00e+00	0.00e+00	0.00e+00	0.00e+00
 3.74577e+18	9.87e-01	1.31e-02	1.68e-05	0.00e+00	0.00e+00	0.00e+00	0.00e+00	0.00e+00
 3.75149e+18	9.88e-01	1.20e-02	1.61e-05	0.00e+00	0.00e+00	0.00e+00	0.00e+00	0.00e+00
 3.75524e+18	9.88e-01	1.16e-02	1.58e-05	0.00e+00	0.00e+00	0.00e+00	0.00e+00	0.00e+00
 3.75887e+18	9.89e-01	1.04e-02	1.50e-05	0.00e+00	0.00e+00	0.00e+00	0.00e+00	0.00e+00
 3.76218e+18	9.98e-01	1.73e-03	5.98e-06	0.00e+00	0.00e+00	0.00e+00	0.00e+00	0.00e+00
###########################
 3.80977e+14	4.77e-07	5.36e-04	7.55e-02	3.47e-01	3.19e-01	2.50e-01	7.77e-03	4.76e-05
 2.28586e+15	4.68e-07	5.35e-04	7.56e-02	3.48e-01	3.19e-01	2.50e-01	7.75e-03	4.74e-05
 9.90540e+15	4.43e-07	5.38e-04	7.68e-02	3.51e-01	3.18e-01	2.46e-01	7.60e-03	4.63e-05
 4.03835e+16	3.87e-07	5.44e-04	8.08e-02	3.61e-01	3.15e-01	2.36e-01	7.20e-03	4.33e-05
 9.64633e+16	3.33e-07	5.56e-04	8.78e-02	3.79e-01	3.11e-01	2.16e-01	6.39e-03	3.71e-05
 1.63108e+17	3.22e-07	5.72e-04	9.41e-02	3.92e-01	3.05e-01	2.03e-01	5.88e-03	3.33e-05
 2.43488e+17	3.34e-07	6.09e-04	1.02e-01	4.02e-01	3.00e-01	1.90e-01	5.36e-03	2.96e-05
 3.47981e+17	3.76e-07	6.95e-04	1.17e-01	4.18e-01	2.88e-01	1.72e-01	4.66e-03	2.48e-05
 4.48726e+17	4.11e-07	7.74e-04	1.32e-01	4.30e-01	2.76e-01	1.57e-01	4.14e-03	2.13e-05
 5.23075e+17	4.46e-07	8.44e-04	1.43e-01	4.36e-01	2.68e-01	1.48e-01	3.85e-03	1.96e-05
 5.98209e+17	5.12e-07	9.60e-04	1.59e-01	4.43e-01	2.56e-01	1.37e-01	3.49e-03	1.74e-05
 6.80468e+17	5.93e-07	1.10e-03	1.79e-01	4.50e-01	2.41e-01	1.25e-01	3.13e-03	1.53e-05
 7.54278e+17	7.14e-07	1.30e-03	2.03e-01	4.56e-01	2.25e-01	1.12e-01	2.69e-03	1.28e-05
 8.12102e+17	8.02e-07	1.45e-03	2.20e-01	4.58e-01	2.14e-01	1.04e-01	2.47e-03	1.16e-05
 8.66855e+17	9.16e-07	1.62e-03	2.39e-01	4.58e-01	2.03e-01	9.65e-02	2.26e-03	1.05e-05
 9.38034e+17	1.10e-06	1.90e-03	2.66e-01	4.58e-01	1.86e-01	8.62e-02	1.98e-03	9.03e-06
 1.00649e+18	1.30e-06	2.19e-03	2.93e-01	4.55e-01	1.70e-01	7.70e-02	1.73e-03	7.80e-06
 1.05297e+18	1.46e-06	2.41e-03	3.12e-01	4.52e-01	1.60e-01	7.13e-02	1.58e-03	7.06e-06
 1.08630e+18	1.60e-06	2.58e-03	3.26e-01	4.50e-01	1.53e-01	6.72e-02	1.48e-03	6.53e-06
 1.12096e+18	1.78e-06	2.81e-03	3.43e-01	4.46e-01	1.44e-01	6.24e-02	1.35e-03	5.89e-06
 1.15718e+18	1.99e-06	3.07e-03	3.60e-01	4.42e-01	1.36e-01	5.75e-02	1.22e-03	5.24e-06
 1.18729e+18	2.19e-06	3.30e-03	3.75e-01	4.38e-01	1.29e-01	5.37e-02	1.12e-03	4.73e-06
 1.21345e+18	2.40e-06	3.54e-03	3.88e-01	4.34e-01	1.23e-01	5.02e-02	1.02e-03	4.26e-06
 1.24264e+18	2.67e-06	3.83e-03	4.03e-01	4.30e-01	1.16e-01	4.63e-02	9.21e-04	3.75e-06
 1.27261e+18	2.98e-06	4.17e-03	4.19e-01	4.25e-01	1.09e-01	4.25e-02	8.21e-04	3.27e-06
 1.29696e+18	3.28e-06	4.46e-03	4.32e-01	4.20e-01	1.03e-01	3.96e-02	7.45e-04	2.90e-06
 1.31846e+18	3.58e-06	4.76e-03	4.44e-01	4.15e-01	9.85e-02	3.70e-02	6.78e-04	2.58e-06
 1.34292e+18	4.00e-06	5.16e-03	4.59e-01	4.08e-01	9.30e-02	3.39e-02	6.02e-04	2.23e-06
 1.36842e+18	4.50e-06	5.62e-03	4.75e-01	4.01e-01	8.73e-02	3.09e-02	5.28e-04	1.89e-06
 1.38961e+18	4.99e-06	6.04e-03	4.88e-01	3.94e-01	8.29e-02	2.85e-02	4.70e-04	1.63e-06
 1.40825e+18	5.49e-06	6.47e-03	5.00e-01	3.88e-01	7.91e-02	2.65e-02	4.21e-04	1.42e-06
 1.42929e+18	6.17e-06	7.02e-03	5.14e-01	3.80e-01	7.48e-02	2.42e-02	3.69e-04	1.20e-06
 1.45175e+18	7.09e-06	7.74e-03	5.30e-01	3.70e-01	7.00e-02	2.16e-02	3.13e-04	9.71e-07
 1.47050e+18	7.86e-06	8.31e-03	5.42e-01	3.63e-01	6.66e-02	1.99e-02	2.78e-04	0.00e+00
 1.48934e+18	8.85e-06	9.02e-03	5.55e-01	3.54e-01	6.32e-02	1.82e-02	2.42e-04	0.00e+00
 1.51026e+18	1.03e-05	1.00e-02	5.72e-01	3.43e-01	5.91e-02	1.61e-02	2.02e-04	0.00e+00
 1.52875e+18	1.16e-05	1.09e-02	5.84e-01	3.34e-01	5.60e-02	1.47e-02	1.75e-04	0.00e+00
 1.54761e+18	1.35e-05	1.20e-02	5.99e-01	3.23e-01	5.26e-02	1.30e-02	1.47e-04	0.00e+00
 1.56762e+18	1.57e-05	1.33e-02	6.14e-01	3.11e-01	4.92e-02	1.15e-02	1.21e-04	0.00e+00
 1.58522e+18	1.79e-05	1.45e-02	6.26e-01	3.02e-01	4.67e-02	1.04e-02	1.04e-04	0.00e+00
 1.60423e+18	2.13e-05	1.63e-02	6.42e-01	2.89e-01	4.35e-02	9.07e-03	8.41e-05	0.00e+00
 1.62443e+18	2.55e-05	1.84e-02	6.58e-01	2.76e-01	4.05e-02	7.85e-03	6.74e-05	0.00e+00
 1.63900e+18	2.88e-05	1.99e-02	6.67e-01	2.67e-01	3.86e-02	7.12e-03	5.81e-05	0.00e+00
 1.64850e+18	3.14e-05	2.11e-02	6.74e-01	2.61e-01	3.74e-02	6.65e-03	5.22e-05	0.00e+00
 1.65858e+18	3.47e-05	2.25e-02	6.81e-01	2.54e-01	3.60e-02	6.14e-03	4.63e-05	0.00e+00
 1.67169e+18	3.95e-05	2.45e-02	6.91e-01	2.44e-01	3.42e-02	5.53e-03	3.94e-05	0.00e+00
 1.68530e+18	4.54e-05	2.68e-02	7.01e-01	2.34e-01	3.24e-02	4.94e-03	3.31e-05	0.00e+00
 1.69648e+18	5.12e-05	2.90e-02	7.09e-01	2.26e-01	3.09e-02	4.48e-03	2.85e-05	0.00e+00
 1.70627e+18	5.71e-05	3.11e-02	7.16e-01	2.19e-01	2.97e-02	4.10e-03	2.48e-05	0.00e+00
 1.71737e+18	6.49e-05	3.38e-02	7.24e-01	2.10e-01	2.83e-02	3.69e-03	2.11e-05	0.00e+00
 1.72951e+18	7.48e-05	3.71e-02	7.32e-01	2.01e-01	2.68e-02	3.28e-03	1.76e-05	0.00e+00
 1.74034e+18	8.51e-05	4.03e-02	7.39e-01	1.92e-01	2.55e-02	2.94e-03	1.50e-05	0.00e+00
 1.74992e+18	9.61e-05	4.35e-02	7.45e-01	1.85e-01	2.43e-02	2.66e-03	1.28e-05	0.00e+00
 1.76055e+18	1.10e-04	4.76e-02	7.51e-01	1.76e-01	2.31e-02	2.37e-03	1.07e-05	0.00e+00
 1.77189e+18	1.28e-04	5.24e-02	7.57e-01	1.67e-01	2.17e-02	2.08e-03	8.80e-06	0.00e+00
 1.78157e+18	1.47e-04	5.71e-02	7.61e-01	1.59e-01	2.06e-02	1.86e-03	7.39e-06	0.00e+00
 1.79001e+18	1.66e-04	6.16e-02	7.65e-01	1.52e-01	1.97e-02	1.67e-03	6.30e-06	0.00e+00
 1.79941e+18	1.91e-04	6.74e-02	7.69e-01	1.44e-01	1.86e-02	1.48e-03	5.24e-06	0.00e+00
 1.80955e+18	2.23e-04	7.43e-02	7.72e-01	1.35e-01	1.74e-02	1.29e-03	4.25e-06	0.00e+00
 1.81833e+18	2.56e-04	8.12e-02	7.73e-01	1.28e-01	1.65e-02	1.14e-03	3.52e-06	0.00e+00
 1.82597e+18	2.90e-04	8.77e-02	7.74e-01	1.21e-01	1.56e-02	1.02e-03	2.99e-06	0.00e+00
 1.83444e+18	3.34e-04	9.59e-02	7.74e-01	1.14e-01	1.47e-02	8.92e-04	2.45e-06	0.00e+00
 1.84364e+18	3.95e-04	1.07e-01	7.73e-01	1.06e-01	1.37e-02	7.62e-04	1.94e-06	0.00e+00
 1.85153e+18	4.58e-04	1.17e-01	7.71e-01	9.86e-02	1.28e-02	6.62e-04	1.57e-06	0.00e+00
 1.85823e+18	5.21e-04	1.26e-01	7.68e-01	9.27e-02	1.20e-02	5.84e-04	1.31e-06	0.00e+00
 1.86561e+18	6.05e-04	1.39e-01	7.63e-01	8.61e-02	1.12e-02	5.05e-04	1.05e-06	0.00e+00
 1.87369e+18	7.15e-04	1.54e-01	7.56e-01	7.90e-02	1.03e-02	4.27e-04	8.23e-07	0.00e+00
 1.88087e+18	8.30e-04	1.68e-01	7.48e-01	7.29e-02	9.59e-03	3.67e-04	0.00e+00	0.00e+00
 1.88728e+18	9.62e-04	1.84e-01	7.39e-01	6.71e-02	8.87e-03	3.14e-04	0.00e+00	0.00e+00
 1.89449e+18	1.14e-03	2.04e-01	7.26e-01	6.08e-02	8.08e-03	2.61e-04	0.00e+00	0.00e+00
 1.90212e+18	1.37e-03	2.27e-01	7.10e-01	5.43e-02	7.27e-03	2.12e-04	0.00e+00	0.00e+00
 1.90860e+18	1.62e-03	2.50e-01	6.92e-01	4.88e-02	6.58e-03	1.75e-04	0.00e+00	0.00e+00
 1.91431e+18	1.89e-03	2.73e-01	6.74e-01	4.41e-02	5.97e-03	1.47e-04	0.00e+00	0.00e+00
 1.92073e+18	2.25e-03	3.02e-01	6.51e-01	3.89e-02	5.31e-03	1.18e-04	0.00e+00	0.00e+00
 1.92784e+18	2.76e-03	3.39e-01	6.21e-01	3.34e-02	4.59e-03	9.07e-05	0.00e+00	0.00e+00
 1.93422e+18	3.34e-03	3.76e-01	5.88e-01	2.86e-02	3.95e-03	6.99e-05	0.00e+00	0.00e+00
 1.93968e+18	3.96e-03	4.12e-01	5.56e-01	2.47e-02	3.42e-03	5.47e-05	0.00e+00	0.00e+00
 1.94480e+18	4.67e-03	4.48e-01	5.23e-01	2.12e-02	2.95e-03	4.27e-05	0.00e+00	0.00e+00
 1.95067e+18	5.68e-03	4.94e-01	4.80e-01	1.75e-02	2.43e-03	3.13e-05	0.00e+00	0.00e+00
 1.95683e+18	7.06e-03	5.48e-01	4.30e-01	1.39e-02	1.92e-03	2.15e-05	0.00e+00	0.00e+00
 1.96181e+18	8.43e-03	5.93e-01	3.86e-01	1.14e-02	1.55e-03	1.56e-05	0.00e+00	0.00e+00
 1.96593e+18	9.83e-03	6.32e-01	3.48e-01	9.43e-03	1.27e-03	1.16e-05	0.00e+00	0.00e+00
 1.97050e+18	1.17e-02	6.77e-01	3.03e-01	7.51e-03	9.83e-04	8.06e-06	0.00e+00	0.00e+00
 1.97551e+18	1.43e-02	7.25e-01	2.54e-01	5.73e-03	7.18e-04	5.24e-06	0.00e+00	0.00e+00
 1.97963e+18	1.70e-02	7.64e-01	2.14e-01	4.49e-03	5.32e-04	3.54e-06	0.00e+00	0.00e+00
 1.98271e+18	1.93e-02	7.91e-01	1.85e-01	3.73e-03	4.18e-04	2.62e-06	0.00e+00	0.00e+00
 1.98586e+18	2.22e-02	8.18e-01	1.56e-01	3.03e-03	3.16e-04	1.86e-06	0.00e+00	0.00e+00
 1.98938e+18	2.60e-02	8.45e-01	1.27e-01	2.39e-03	2.24e-04	1.25e-06	0.00e+00	0.00e+00
 1.99258e+18	3.03e-02	8.66e-01	1.02e-01	1.91e-03	1.58e-04	8.56e-07	0.00e+00	0.00e+00
 1.99535e+18	3.49e-02	8.81e-01	8.24e-02	1.57e-03	1.13e-04	0.00e+00	0.00e+00	0.00e+00
 1.99835e+18	4.09e-02	8.94e-01	6.41e-02	1.27e-03	7.67e-05	0.00e+00	0.00e+00	0.00e+00
 2.00147e+18	4.88e-02	9.02e-01	4.78e-02	1.01e-03	4.89e-05	0.00e+00	0.00e+00	0.00e+00
 2.00393e+18	5.67e-02	9.06e-01	3.68e-02	8.39e-04	3.31e-05	0.00e+00	0.00e+00	0.00e+00
 2.00587e+18	6.42e-02	9.05e-01	2.96e-02	7.26e-04	2.39e-05	0.00e+00	0.00e+00	0.00e+00
 2.00787e+18	7.34e-02	9.03e-01	2.33e-02	6.26e-04	1.68e-05	0.00e+00	0.00e+00	0.00e+00
 2.01000e+18	8.53e-02	8.96e-01	1.77e-02	5.33e-04	1.13e-05	0.00e+00	0.00e+00	0.00e+00
 2.01186e+18	9.78e-02	8.88e-01	1.38e-02	4.62e-04	7.89e-06	0.00e+00	0.00e+00	0.00e+00
 2.01337e+18	1.09e-01	8.79e-01	1.12e-02	4.12e-04	5.85e-06	0.00e+00	0.00e+00	0.00e+00
 2.01463e+18	1.21e-01	8.70e-01	9.30e-03	3.74e-04	4.54e-06	0.00e+00	0.00e+00	0.00e+00
 2.01580e+18	1.32e-01	8.60e-01	7.94e-03	3.42e-04	3.62e-06	0.00e+00	0.00e+00	0.00e+00
 2.01693e+18	1.44e-01	8.49e-01	6.73e-03	3.14e-04	2.88e-06	0.00e+00	0.00e+00	0.00e+00
 2.01800e+18	1.56e-01	8.38e-01	5.75e-03	2.90e-04	2.32e-06	0.00e+00	0.00e+00	0.00e+00
 2.01899e+18	1.69e-01	8.26e-01	4.98e-03	2.69e-04	1.91e-06	0.00e+00	0.00e+00	0.00e+00
 2.01975e+18	1.78e-01	8.17e-01	4.48e-03	2.55e-04	1.66e-06	0.00e+00	0.00e+00	0.00e+00
 2.02025e+18	1.84e-01	8.11e-01	4.20e-03	2.47e-04	1.52e-06	0.00e+00	0.00e+00	0.00e+00
 2.02077e+18	1.91e-01	8.05e-01	3.92e-03	2.39e-04	1.39e-06	0.00e+00	0.00e+00	0.00e+00
 2.02141e+18	2.00e-01	7.96e-01	3.57e-03	2.27e-04	1.22e-06	0.00e+00	0.00e+00	0.00e+00
 2.02208e+18	2.10e-01	7.87e-01	3.26e-03	2.16e-04	1.08e-06	0.00e+00	0.00e+00	0.00e+00
 2.02266e+18	2.18e-01	7.79e-01	3.03e-03	2.08e-04	9.82e-07	0.00e+00	0.00e+00	0.00e+00
 2.02323e+18	2.26e-01	7.71e-01	2.82e-03	2.00e-04	0.00e+00	0.00e+00	0.00e+00	0.00e+00
 2.02384e+18	2.35e-01	7.62e-01	2.61e-03	1.93e-04	0.00e+00	0.00e+00	0.00e+00	0.00e+00
 2.02448e+18	2.45e-01	7.53e-01	2.43e-03	1.85e-04	0.00e+00	0.00e+00	0.00e+00	0.00e+00
 2.02514e+18	2.55e-01	7.43e-01	2.25e-03	1.77e-04	0.00e+00	0.00e+00	0.00e+00	0.00e+00
 2.02579e+18	2.64e-01	7.34e-01	2.10e-03	1.71e-04	0.00e+00	0.00e+00	0.00e+00	0.00e+00
 2.02646e+18	2.73e-01	7.25e-01	1.96e-03	1.64e-04	0.00e+00	0.00e+00	0.00e+00	0.00e+00
 2.02719e+18	2.83e-01	7.15e-01	1.83e-03	1.58e-04	0.00e+00	0.00e+00	0.00e+00	0.00e+00
 2.02795e+18	2.93e-01	7.05e-01	1.72e-03	1.52e-04	0.00e+00	0.00e+00	0.00e+00	0.00e+00
 2.02875e+18	3.03e-01	6.95e-01	1.61e-03	1.47e-04	0.00e+00	0.00e+00	0.00e+00	0.00e+00
 2.02961e+18	3.13e-01	6.86e-01	1.52e-03	1.41e-04	0.00e+00	0.00e+00	0.00e+00	0.00e+00
 2.03057e+18	3.22e-01	6.76e-01	1.43e-03	1.37e-04	0.00e+00	0.00e+00	0.00e+00	0.00e+00
 2.03163e+18	3.33e-01	6.66e-01	1.35e-03	1.31e-04	0.00e+00	0.00e+00	0.00e+00	0.00e+00
 2.03282e+18	3.41e-01	6.58e-01	1.29e-03	1.28e-04	0.00e+00	0.00e+00	0.00e+00	0.00e+00
 2.03413e+18	3.50e-01	6.49e-01	1.23e-03	1.24e-04	0.00e+00	0.00e+00	0.00e+00	0.00e+00
 2.03555e+18	3.57e-01	6.41e-01	1.18e-03	1.20e-04	0.00e+00	0.00e+00	0.00e+00	0.00e+00
 2.03702e+18	3.64e-01	6.35e-01	1.14e-03	1.18e-04	0.00e+00	0.00e+00	0.00e+00	0.00e+00
 2.03845e+18	3.68e-01	6.31e-01	1.12e-03	1.16e-04	0.00e+00	0.00e+00	0.00e+00	0.00e+00
 2.03985e+18	3.72e-01	6.27e-01	1.10e-03	1.14e-04	0.00e+00	0.00e+00	0.00e+00	0.00e+00
 2.04122e+18	3.75e-01	6.24e-01	1.08e-03	1.13e-04	0.00e+00	0.00e+00	0.00e+00	0.00e+00
 2.04279e+18	3.78e-01	6.21e-01	1.07e-03	1.12e-04	0.00e+00	0.00e+00	0.00e+00	0.00e+00
 2.04482e+18	3.81e-01	6.18e-01	1.05e-03	1.11e-04	0.00e+00	0.00e+00	0.00e+00	0.00e+00
 2.04747e+18	3.84e-01	6.14e-01	1.04e-03	1.09e-04	0.00e+00	0.00e+00	0.00e+00	0.00e+00
 2.05091e+18	3.89e-01	6.10e-01	1.01e-03	1.08e-04	0.00e+00	0.00e+00	0.00e+00	0.00e+00
 2.05538e+18	3.94e-01	6.05e-01	9.92e-04	1.06e-04	0.00e+00	0.00e+00	0.00e+00	0.00e+00
 2.06120e+18	4.00e-01	5.99e-01	9.65e-04	1.04e-04	0.00e+00	0.00e+00	0.00e+00	0.00e+00
 2.06876e+18	4.08e-01	5.91e-01	9.30e-04	1.01e-04	0.00e+00	0.00e+00	0.00e+00	0.00e+00
 2.07859e+18	4.18e-01	5.81e-01	8.91e-04	9.70e-05	0.00e+00	0.00e+00	0.00e+00	0.00e+00
 2.09137e+18	4.30e-01	5.69e-01	8.46e-04	9.26e-05	0.00e+00	0.00e+00	0.00e+00	0.00e+00
 2.10782e+18	4.45e-01	5.54e-01	7.95e-04	8.76e-05	0.00e+00	0.00e+00	0.00e+00	0.00e+00
 2.12761e+18	4.62e-01	5.37e-01	7.58e-04	8.20e-05	0.00e+00	0.00e+00	0.00e+00	0.00e+00
 2.14853e+18	4.79e-01	5.20e-01	7.12e-04	7.69e-05	0.00e+00	0.00e+00	0.00e+00	0.00e+00
 2.16852e+18	4.94e-01	5.05e-01	6.76e-04	7.23e-05	0.00e+00	0.00e+00	0.00e+00	0.00e+00
 2.18871e+18	5.10e-01	4.90e-01	6.42e-04	6.78e-05	0.00e+00	0.00e+00	0.00e+00	0.00e+00
 2.21149e+18	5.18e-01	4.81e-01	6.06e-04	6.44e-05	0.00e+00	0.00e+00	0.00e+00	0.00e+00
 2.23601e+18	5.34e-01	4.65e-01	5.70e-04	6.00e-05	0.00e+00	0.00e+00	0.00e+00	0.00e+00
 2.25970e+18	5.49e-01	4.50e-01	5.47e-04	5.62e-05	0.00e+00	0.00e+00	0.00e+00	0.00e+00
 2.28340e+18	5.63e-01	4.36e-01	5.20e-04	5.26e-05	0.00e+00	0.00e+00	0.00e+00	0.00e+00
 2.30938e+18	5.79e-01	4.21e-01	4.91e-04	4.89e-05	0.00e+00	0.00e+00	0.00e+00	0.00e+00
 2.33704e+18	5.95e-01	4.04e-01	4.62e-04	4.52e-05	0.00e+00	0.00e+00	0.00e+00	0.00e+00
 2.36521e+18	6.11e-01	3.89e-01	4.36e-04	4.19e-05	0.00e+00	0.00e+00	0.00e+00	0.00e+00
 2.39379e+18	6.26e-01	3.74e-01	4.12e-04	3.87e-05	0.00e+00	0.00e+00	0.00e+00	0.00e+00
 2.42325e+18	6.41e-01	3.59e-01	3.89e-04	3.57e-05	0.00e+00	0.00e+00	0.00e+00	0.00e+00
 2.45388e+18	6.57e-01	3.43e-01	3.66e-04	3.28e-05	0.00e+00	0.00e+00	0.00e+00	0.00e+00
 2.48540e+18	6.72e-01	3.28e-01	3.45e-04	3.00e-05	0.00e+00	0.00e+00	0.00e+00	0.00e+00
 2.51758e+18	6.87e-01	3.13e-01	3.24e-04	2.74e-05	0.00e+00	0.00e+00	0.00e+00	0.00e+00
 2.55066e+18	7.02e-01	2.98e-01	3.04e-04	2.50e-05	0.00e+00	0.00e+00	0.00e+00	0.00e+00
 2.58366e+18	7.16e-01	2.83e-01	2.86e-04	2.28e-05	0.00e+00	0.00e+00	0.00e+00	0.00e+00
