#depth	O  1	O  2	O  3	O  4	O  5	O  6	O  7	O  8	O  9	O1	O1*	O1**
 1.75958e+13	1.70e-02	6.52e-01	3.25e-01	5.77e-03	3.55e-05	0.00e+00	0.00e+00	0.00e+00	0.00e+00	1.63e-02	3.47e-04	3.64e-04
 1.05575e+14	1.70e-02	6.52e-01	3.25e-01	5.75e-03	3.53e-05	0.00e+00	0.00e+00	0.00e+00	0.00e+00	1.62e-02	3.47e-04	3.64e-04
 4.57490e+14	1.69e-02	6.50e-01	3.28e-01	5.73e-03	3.51e-05	0.00e+00	0.00e+00	0.00e+00	0.00e+00	1.62e-02	3.46e-04	3.63e-04
 1.86515e+15	1.70e-02	6.47e-01	3.30e-01	5.49e-03	3.32e-05	0.00e+00	0.00e+00	0.00e+00	0.00e+00	1.63e-02	3.49e-04	3.67e-04
 4.45524e+15	1.67e-02	6.39e-01	3.39e-01	5.27e-03	3.07e-05	0.00e+00	0.00e+00	0.00e+00	0.00e+00	1.60e-02	3.46e-04	3.63e-04
 7.82237e+15	1.70e-02	6.40e-01	3.38e-01	4.75e-03	2.69e-05	0.00e+00	0.00e+00	0.00e+00	0.00e+00	1.63e-02	3.55e-04	3.72e-04
 1.21996e+16	1.81e-02	6.50e-01	3.28e-01	3.99e-03	2.20e-05	0.00e+00	0.00e+00	0.00e+00	0.00e+00	1.73e-02	3.78e-04	3.97e-04
 1.78568e+16	2.03e-02	6.71e-01	3.06e-01	3.04e-03	1.66e-05	0.00e+00	0.00e+00	0.00e+00	0.00e+00	1.94e-02	4.25e-04	4.45e-04
 2.39694e+16	2.34e-02	6.97e-01	2.77e-01	2.21e-03	1.22e-05	0.00e+00	0.00e+00	0.00e+00	0.00e+00	2.24e-02	4.91e-04	5.14e-04
 2.95454e+16	2.73e-02	7.23e-01	2.48e-01	1.59e-03	9.09e-06	0.00e+00	0.00e+00	0.00e+00	0.00e+00	2.61e-02	5.69e-04	5.96e-04
 3.48770e+16	3.25e-02	7.51e-01	2.16e-01	1.11e-03	6.68e-06	0.00e+00	0.00e+00	0.00e+00	0.00e+00	3.11e-02	6.74e-04	7.06e-04
 4.04302e+16	3.94e-02	7.77e-01	1.83e-01	7.40e-04	4.84e-06	0.00e+00	0.00e+00	0.00e+00	0.00e+00	3.78e-02	8.10e-04	8.48e-04
 4.59743e+16	4.85e-02	8.00e-01	1.51e-01	4.77e-04	3.47e-06	0.00e+00	0.00e+00	0.00e+00	0.00e+00	4.65e-02	9.83e-04	1.03e-03
 5.09795e+16	5.93e-02	8.17e-01	1.24e-01	3.09e-04	2.53e-06	0.00e+00	0.00e+00	0.00e+00	0.00e+00	5.69e-02	1.19e-03	1.24e-03
 5.54044e+16	7.17e-02	8.27e-01	1.01e-01	2.03e-04	1.88e-06	0.00e+00	0.00e+00	0.00e+00	0.00e+00	6.88e-02	1.42e-03	1.48e-03
 5.94723e+16	8.63e-02	8.32e-01	8.19e-02	1.32e-04	1.39e-06	0.00e+00	0.00e+00	0.00e+00	0.00e+00	8.29e-02	1.68e-03	1.76e-03
 6.32026e+16	1.03e-01	8.31e-01	6.58e-02	8.61e-05	1.02e-06	0.00e+00	0.00e+00	0.00e+00	0.00e+00	9.94e-02	1.99e-03	2.09e-03
 6.65113e+16	1.23e-01	8.25e-01	5.28e-02	5.69e-05	7.59e-07	0.00e+00	0.00e+00	0.00e+00	0.00e+00	1.18e-01	2.33e-03	2.44e-03
 6.95124e+16	1.44e-01	8.14e-01	4.23e-02	3.77e-05	0.00e+00	0.00e+00	0.00e+00	0.00e+00	0.00e+00	1.38e-01	2.70e-03	2.84e-03
 7.23707e+16	1.69e-01	7.97e-01	3.33e-02	2.46e-05	0.00e+00	0.00e+00	0.00e+00	0.00e+00	0.00e+00	1.63e-01	3.14e-03	3.30e-03
 7.50663e+16	1.98e-01	7.76e-01	2.60e-02	1.59e-05	0.00e+00	0.00e+00	0.00e+00	0.00e+00	0.00e+00	1.91e-01	3.63e-03	3.81e-03
 7.74592e+16	2.30e-01	7.50e-01	2.03e-02	1.05e-05	0.00e+00	0.00e+00	0.00e+00	0.00e+00	0.00e+00	2.21e-01	4.14e-03	4.36e-03
 7.95190e+16	2.62e-01	7.22e-01	1.59e-02	7.08e-06	0.00e+00	0.00e+00	0.00e+00	0.00e+00	0.00e+00	2.52e-01	4.66e-03	4.92e-03
 8.13322e+16	2.94e-01	6.93e-01	1.27e-02	4.93e-06	0.00e+00	0.00e+00	0.00e+00	0.00e+00	0.00e+00	2.84e-01	5.17e-03	5.46e-03
 8.30028e+16	3.28e-01	6.62e-01	1.01e-02	3.48e-06	0.00e+00	0.00e+00	0.00e+00	0.00e+00	0.00e+00	3.16e-01	5.68e-03	6.00e-03
 8.45900e+16	3.63e-01	6.29e-01	7.99e-03	2.46e-06	0.00e+00	0.00e+00	0.00e+00	0.00e+00	0.00e+00	3.50e-01	6.20e-03	6.55e-03
 8.60821e+16	3.98e-01	5.95e-01	6.34e-03	1.77e-06	0.00e+00	0.00e+00	0.00e+00	0.00e+00	0.00e+00	3.84e-01	6.69e-03	7.08e-03
 8.74152e+16	4.32e-01	5.63e-01	5.10e-03	1.31e-06	0.00e+00	0.00e+00	0.00e+00	0.00e+00	0.00e+00	4.17e-01	7.14e-03	7.57e-03
 8.85559e+16	4.61e-01	5.34e-01	4.20e-03	1.01e-06	0.00e+00	0.00e+00	0.00e+00	0.00e+00	0.00e+00	4.46e-01	7.51e-03	7.98e-03
 8.95560e+16	4.88e-01	5.08e-01	3.52e-03	8.10e-07	0.00e+00	0.00e+00	0.00e+00	0.00e+00	0.00e+00	4.72e-01	7.84e-03	8.33e-03
 9.04901e+16	5.13e-01	4.84e-01	2.97e-03	0.00e+00	0.00e+00	0.00e+00	0.00e+00	0.00e+00	0.00e+00	4.96e-01	8.12e-03	8.64e-03
 9.13947e+16	5.37e-01	4.61e-01	2.51e-03	0.00e+00	0.00e+00	0.00e+00	0.00e+00	0.00e+00	0.00e+00	5.20e-01	8.39e-03	8.93e-03
 9.22663e+16	5.60e-01	4.38e-01	2.13e-03	0.00e+00	0.00e+00	0.00e+00	0.00e+00	0.00e+00	0.00e+00	5.42e-01	8.62e-03	9.19e-03
 9.30952e+16	5.81e-01	4.17e-01	1.82e-03	0.00e+00	0.00e+00	0.00e+00	0.00e+00	0.00e+00	0.00e+00	5.63e-01	8.83e-03	9.42e-03
 9.37401e+16	5.97e-01	4.01e-01	1.61e-03	0.00e+00	0.00e+00	0.00e+00	0.00e+00	0.00e+00	0.00e+00	5.79e-01	8.97e-03	9.58e-03
 9.41724e+16	6.08e-01	3.91e-01	1.49e-03	0.00e+00	0.00e+00	0.00e+00	0.00e+00	0.00e+00	0.00e+00	5.89e-01	9.05e-03	9.67e-03
 9.45959e+16	6.18e-01	3.80e-01	1.37e-03	0.00e+00	0.00e+00	0.00e+00	0.00e+00	0.00e+00	0.00e+00	5.99e-01	9.15e-03	9.78e-03
 9.50948e+16	6.30e-01	3.69e-01	1.25e-03	0.00e+00	0.00e+00	0.00e+00	0.00e+00	0.00e+00	0.00e+00	6.11e-01	9.23e-03	9.88e-03
 9.56389e+16	6.43e-01	3.56e-01	1.11e-03	0.00e+00	0.00e+00	0.00e+00	0.00e+00	0.00e+00	0.00e+00	6.24e-01	9.35e-03	1.00e-02
 9.61683e+16	6.55e-01	3.44e-01	1.01e-03	0.00e+00	0.00e+00	0.00e+00	0.00e+00	0.00e+00	0.00e+00	6.35e-01	9.41e-03	1.01e-02
 9.66746e+16	6.66e-01	3.33e-01	9.08e-04	0.00e+00	0.00e+00	0.00e+00	0.00e+00	0.00e+00	0.00e+00	6.47e-01	9.51e-03	1.02e-02
 9.71807e+16	6.77e-01	3.22e-01	8.25e-04	0.00e+00	0.00e+00	0.00e+00	0.00e+00	0.00e+00	0.00e+00	6.57e-01	9.56e-03	1.03e-02
 9.77019e+16	6.89e-01	3.11e-01	7.39e-04	0.00e+00	0.00e+00	0.00e+00	0.00e+00	0.00e+00	0.00e+00	6.69e-01	9.65e-03	1.04e-02
 9.82326e+16	6.99e-01	3.00e-01	6.68e-04	0.00e+00	0.00e+00	0.00e+00	0.00e+00	0.00e+00	0.00e+00	6.79e-01	9.68e-03	1.04e-02
 9.87649e+16	7.10e-01	2.89e-01	5.97e-04	0.00e+00	0.00e+00	0.00e+00	0.00e+00	0.00e+00	0.00e+00	6.90e-01	9.76e-03	1.05e-02
 9.92997e+16	7.20e-01	2.79e-01	5.38e-04	0.00e+00	0.00e+00	0.00e+00	0.00e+00	0.00e+00	0.00e+00	7.00e-01	9.78e-03	1.05e-02
 9.98381e+16	7.31e-01	2.69e-01	4.80e-04	0.00e+00	0.00e+00	0.00e+00	0.00e+00	0.00e+00	0.00e+00	7.10e-01	9.85e-03	1.06e-02
 1.00380e+17	7.40e-01	2.59e-01	4.32e-04	0.00e+00	0.00e+00	0.00e+00	0.00e+00	0.00e+00	0.00e+00	7.20e-01	9.86e-03	1.06e-02
 1.00928e+17	7.50e-01	2.49e-01	3.84e-04	0.00e+00	0.00e+00	0.00e+00	0.00e+00	0.00e+00	0.00e+00	7.30e-01	9.92e-03	1.07e-02
 1.01481e+17	7.60e-01	2.40e-01	3.45e-04	0.00e+00	0.00e+00	0.00e+00	0.00e+00	0.00e+00	0.00e+00	7.39e-01	9.92e-03	1.07e-02
 1.02039e+17	7.69e-01	2.31e-01	3.06e-04	0.00e+00	0.00e+00	0.00e+00	0.00e+00	0.00e+00	0.00e+00	7.48e-01	9.96e-03	1.07e-02
 1.02601e+17	7.78e-01	2.22e-01	2.74e-04	0.00e+00	0.00e+00	0.00e+00	0.00e+00	0.00e+00	0.00e+00	7.57e-01	9.96e-03	1.07e-02
 1.03170e+17	7.87e-01	2.13e-01	2.43e-04	0.00e+00	0.00e+00	0.00e+00	0.00e+00	0.00e+00	0.00e+00	7.66e-01	9.99e-03	1.08e-02
 1.03744e+17	7.95e-01	2.05e-01	2.17e-04	0.00e+00	0.00e+00	0.00e+00	0.00e+00	0.00e+00	0.00e+00	7.74e-01	9.98e-03	1.08e-02
 1.04324e+17	8.03e-01	1.96e-01	1.91e-04	0.00e+00	0.00e+00	0.00e+00	0.00e+00	0.00e+00	0.00e+00	7.83e-01	1.00e-02	1.08e-02
 1.04908e+17	8.11e-01	1.89e-01	1.70e-04	0.00e+00	0.00e+00	0.00e+00	0.00e+00	0.00e+00	0.00e+00	7.90e-01	9.99e-03	1.08e-02
 1.05494e+17	8.19e-01	1.81e-01	1.50e-04	0.00e+00	0.00e+00	0.00e+00	0.00e+00	0.00e+00	0.00e+00	7.98e-01	1.00e-02	1.08e-02
 1.06087e+17	8.26e-01	1.74e-01	1.34e-04	0.00e+00	0.00e+00	0.00e+00	0.00e+00	0.00e+00	0.00e+00	8.05e-01	9.99e-03	1.08e-02
 1.06689e+17	8.34e-01	1.66e-01	1.18e-04	0.00e+00	0.00e+00	0.00e+00	0.00e+00	0.00e+00	0.00e+00	8.13e-01	9.99e-03	1.08e-02
 1.07296e+17	8.40e-01	1.60e-01	1.05e-04	0.00e+00	0.00e+00	0.00e+00	0.00e+00	0.00e+00	0.00e+00	8.19e-01	9.97e-03	1.08e-02
 1.07893e+17	8.47e-01	1.53e-01	9.24e-05	0.00e+00	0.00e+00	0.00e+00	0.00e+00	0.00e+00	0.00e+00	8.26e-01	9.98e-03	1.08e-02
 1.08476e+17	8.53e-01	1.47e-01	8.25e-05	0.00e+00	0.00e+00	0.00e+00	0.00e+00	0.00e+00	0.00e+00	8.32e-01	9.95e-03	1.08e-02
 1.09074e+17	8.58e-01	1.41e-01	7.36e-05	0.00e+00	0.00e+00	0.00e+00	0.00e+00	0.00e+00	0.00e+00	8.38e-01	9.93e-03	1.08e-02
 1.09696e+17	8.65e-01	1.35e-01	6.48e-05	0.00e+00	0.00e+00	0.00e+00	0.00e+00	0.00e+00	0.00e+00	8.44e-01	9.94e-03	1.08e-02
 1.10303e+17	8.70e-01	1.30e-01	5.80e-05	0.00e+00	0.00e+00	0.00e+00	0.00e+00	0.00e+00	0.00e+00	8.49e-01	9.91e-03	1.07e-02
 1.10897e+17	8.75e-01	1.25e-01	5.14e-05	0.00e+00	0.00e+00	0.00e+00	0.00e+00	0.00e+00	0.00e+00	8.55e-01	9.91e-03	1.07e-02
 1.11490e+17	8.79e-01	1.21e-01	4.64e-05	0.00e+00	0.00e+00	0.00e+00	0.00e+00	0.00e+00	0.00e+00	8.59e-01	9.88e-03	1.07e-02
 1.12089e+17	8.84e-01	1.16e-01	4.13e-05	0.00e+00	0.00e+00	0.00e+00	0.00e+00	0.00e+00	0.00e+00	8.64e-01	9.87e-03	1.07e-02
 1.12720e+17	8.89e-01	1.11e-01	3.69e-05	0.00e+00	0.00e+00	0.00e+00	0.00e+00	0.00e+00	0.00e+00	8.68e-01	9.84e-03	1.07e-02
 1.13399e+17	8.94e-01	1.06e-01	3.24e-05	0.00e+00	0.00e+00	0.00e+00	0.00e+00	0.00e+00	0.00e+00	8.73e-01	9.84e-03	1.07e-02
 1.14080e+17	8.98e-01	1.02e-01	2.89e-05	0.00e+00	0.00e+00	0.00e+00	0.00e+00	0.00e+00	0.00e+00	8.77e-01	9.84e-03	1.07e-02
 1.14689e+17	9.01e-01	9.88e-02	2.62e-05	0.00e+00	0.00e+00	0.00e+00	0.00e+00	0.00e+00	0.00e+00	8.81e-01	9.82e-03	1.06e-02
 1.15276e+17	9.04e-01	9.57e-02	2.39e-05	0.00e+00	0.00e+00	0.00e+00	0.00e+00	0.00e+00	0.00e+00	8.84e-01	9.81e-03	1.06e-02
 1.15960e+17	9.08e-01	9.16e-02	2.12e-05	0.00e+00	0.00e+00	0.00e+00	0.00e+00	0.00e+00	0.00e+00	8.88e-01	9.81e-03	1.06e-02
 1.16732e+17	9.12e-01	8.76e-02	1.88e-05	0.00e+00	0.00e+00	0.00e+00	0.00e+00	0.00e+00	0.00e+00	8.92e-01	9.80e-03	1.06e-02
 1.17486e+17	9.16e-01	8.39e-02	1.67e-05	0.00e+00	0.00e+00	0.00e+00	0.00e+00	0.00e+00	0.00e+00	8.96e-01	9.79e-03	1.06e-02
 1.18188e+17	9.19e-01	8.10e-02	1.52e-05	0.00e+00	0.00e+00	0.00e+00	0.00e+00	0.00e+00	0.00e+00	8.99e-01	9.77e-03	1.06e-02
 1.18921e+17	9.22e-01	7.82e-02	1.37e-05	0.00e+00	0.00e+00	0.00e+00	0.00e+00	0.00e+00	0.00e+00	9.01e-01	9.79e-03	1.06e-02
 1.19696e+17	9.25e-01	7.50e-02	1.23e-05	0.00e+00	0.00e+00	0.00e+00	0.00e+00	0.00e+00	0.00e+00	9.05e-01	9.81e-03	1.06e-02
 1.20506e+17	9.28e-01	7.24e-02	1.11e-05	0.00e+00	0.00e+00	0.00e+00	0.00e+00	0.00e+00	0.00e+00	9.07e-01	9.81e-03	1.06e-02
 1.21312e+17	9.30e-01	6.98e-02	1.01e-05	0.00e+00	0.00e+00	0.00e+00	0.00e+00	0.00e+00	0.00e+00	9.10e-01	9.82e-03	1.06e-02
 1.22101e+17	9.33e-01	6.70e-02	9.16e-06	0.00e+00	0.00e+00	0.00e+00	0.00e+00	0.00e+00	0.00e+00	9.13e-01	9.83e-03	1.06e-02
 1.22932e+17	9.35e-01	6.52e-02	8.42e-06	0.00e+00	0.00e+00	0.00e+00	0.00e+00	0.00e+00	0.00e+00	9.14e-01	9.85e-03	1.06e-02
 1.23721e+17	9.37e-01	6.30e-02	7.75e-06	0.00e+00	0.00e+00	0.00e+00	0.00e+00	0.00e+00	0.00e+00	9.17e-01	9.85e-03	1.06e-02
 1.24487e+17	9.39e-01	6.14e-02	7.20e-06	0.00e+00	0.00e+00	0.00e+00	0.00e+00	0.00e+00	0.00e+00	9.18e-01	9.87e-03	1.06e-02
 1.25335e+17	9.41e-01	5.92e-02	6.62e-06	0.00e+00	0.00e+00	0.00e+00	0.00e+00	0.00e+00	0.00e+00	9.20e-01	9.89e-03	1.06e-02
 1.26201e+17	9.43e-01	5.72e-02	6.10e-06	0.00e+00	0.00e+00	0.00e+00	0.00e+00	0.00e+00	0.00e+00	9.22e-01	9.91e-03	1.06e-02
 1.27011e+17	9.44e-01	5.60e-02	5.73e-06	0.00e+00	0.00e+00	0.00e+00	0.00e+00	0.00e+00	0.00e+00	9.24e-01	9.93e-03	1.05e-02
 1.27815e+17	9.46e-01	5.42e-02	5.34e-06	0.00e+00	0.00e+00	0.00e+00	0.00e+00	0.00e+00	0.00e+00	9.25e-01	9.95e-03	1.05e-02
 1.28630e+17	9.47e-01	5.31e-02	5.04e-06	0.00e+00	0.00e+00	0.00e+00	0.00e+00	0.00e+00	0.00e+00	9.26e-01	9.97e-03	1.05e-02
 1.29432e+17	9.48e-01	5.15e-02	4.72e-06	0.00e+00	0.00e+00	0.00e+00	0.00e+00	0.00e+00	0.00e+00	9.28e-01	1.00e-02	1.05e-02
 1.30195e+17	9.50e-01	5.05e-02	4.48e-06	0.00e+00	0.00e+00	0.00e+00	0.00e+00	0.00e+00	0.00e+00	9.29e-01	1.00e-02	1.05e-02
 1.30939e+17	9.51e-01	4.92e-02	4.24e-06	0.00e+00	0.00e+00	0.00e+00	0.00e+00	0.00e+00	0.00e+00	9.30e-01	1.01e-02	1.05e-02
 1.31666e+17	9.52e-01	4.81e-02	4.02e-06	0.00e+00	0.00e+00	0.00e+00	0.00e+00	0.00e+00	0.00e+00	9.31e-01	1.01e-02	1.05e-02
 1.32361e+17	9.53e-01	4.69e-02	3.83e-06	0.00e+00	0.00e+00	0.00e+00	0.00e+00	0.00e+00	0.00e+00	9.32e-01	1.01e-02	1.06e-02
 1.33069e+17	9.54e-01	4.61e-02	3.68e-06	0.00e+00	0.00e+00	0.00e+00	0.00e+00	0.00e+00	0.00e+00	9.33e-01	1.01e-02	1.05e-02
 1.33827e+17	9.55e-01	4.49e-02	3.49e-06	0.00e+00	0.00e+00	0.00e+00	0.00e+00	0.00e+00	0.00e+00	9.34e-01	1.01e-02	1.05e-02
 1.34546e+17	9.56e-01	4.41e-02	3.34e-06	0.00e+00	0.00e+00	0.00e+00	0.00e+00	0.00e+00	0.00e+00	9.35e-01	1.02e-02	1.05e-02
 1.35184e+17	9.57e-01	4.33e-02	3.21e-06	0.00e+00	0.00e+00	0.00e+00	0.00e+00	0.00e+00	0.00e+00	9.36e-01	1.02e-02	1.06e-02
 1.35814e+17	9.58e-01	4.24e-02	3.08e-06	0.00e+00	0.00e+00	0.00e+00	0.00e+00	0.00e+00	0.00e+00	9.37e-01	1.03e-02	1.06e-02
 1.36433e+17	9.58e-01	4.17e-02	2.97e-06	0.00e+00	0.00e+00	0.00e+00	0.00e+00	0.00e+00	0.00e+00	9.37e-01	1.03e-02	1.06e-02
 1.37038e+17	9.59e-01	4.07e-02	2.86e-06	0.00e+00	0.00e+00	0.00e+00	0.00e+00	0.00e+00	0.00e+00	9.38e-01	1.03e-02	1.05e-02
 1.37672e+17	9.60e-01	3.98e-02	2.74e-06	0.00e+00	0.00e+00	0.00e+00	0.00e+00	0.00e+00	0.00e+00	9.39e-01	1.03e-02	1.06e-02
 1.38267e+17	9.61e-01	3.92e-02	2.64e-06	0.00e+00	0.00e+00	0.00e+00	0.00e+00	0.00e+00	0.00e+00	9.40e-01	1.04e-02	1.06e-02
 1.38761e+17	9.61e-01	3.86e-02	2.57e-06	0.00e+00	0.00e+00	0.00e+00	0.00e+00	0.00e+00	0.00e+00	9.40e-01	1.04e-02	1.06e-02
 1.39244e+17	9.62e-01	3.79e-02	2.50e-06	0.00e+00	0.00e+00	0.00e+00	0.00e+00	0.00e+00	0.00e+00	9.41e-01	1.04e-02	1.06e-02
 1.39785e+17	9.63e-01	3.72e-02	2.40e-06	0.00e+00	0.00e+00	0.00e+00	0.00e+00	0.00e+00	0.00e+00	9.42e-01	1.05e-02	1.06e-02
 1.40316e+17	9.63e-01	3.66e-02	2.33e-06	0.00e+00	0.00e+00	0.00e+00	0.00e+00	0.00e+00	0.00e+00	9.42e-01	1.05e-02	1.06e-02
 1.40759e+17	9.64e-01	3.60e-02	2.26e-06	0.00e+00	0.00e+00	0.00e+00	0.00e+00	0.00e+00	0.00e+00	9.43e-01	1.05e-02	1.06e-02
 1.41166e+17	9.65e-01	3.54e-02	2.21e-06	0.00e+00	0.00e+00	0.00e+00	0.00e+00	0.00e+00	0.00e+00	9.43e-01	1.06e-02	1.06e-02
 1.41632e+17	9.65e-01	3.48e-02	2.13e-06	0.00e+00	0.00e+00	0.00e+00	0.00e+00	0.00e+00	0.00e+00	9.44e-01	1.06e-02	1.06e-02
 1.42096e+17	9.66e-01	3.41e-02	2.07e-06	0.00e+00	0.00e+00	0.00e+00	0.00e+00	0.00e+00	0.00e+00	9.45e-01	1.06e-02	1.06e-02
 1.42473e+17	9.66e-01	3.37e-02	2.02e-06	0.00e+00	0.00e+00	0.00e+00	0.00e+00	0.00e+00	0.00e+00	9.45e-01	1.06e-02	1.06e-02
 1.42851e+17	9.67e-01	3.31e-02	1.96e-06	0.00e+00	0.00e+00	0.00e+00	0.00e+00	0.00e+00	0.00e+00	9.46e-01	1.07e-02	1.07e-02
 1.43221e+17	9.67e-01	3.26e-02	1.92e-06	0.00e+00	0.00e+00	0.00e+00	0.00e+00	0.00e+00	0.00e+00	9.46e-01	1.07e-02	1.07e-02
 1.43540e+17	9.68e-01	3.24e-02	1.89e-06	0.00e+00	0.00e+00	0.00e+00	0.00e+00	0.00e+00	0.00e+00	9.46e-01	1.07e-02	1.07e-02
 1.43884e+17	9.68e-01	3.21e-02	1.86e-06	0.00e+00	0.00e+00	0.00e+00	0.00e+00	0.00e+00	0.00e+00	9.46e-01	1.08e-02	1.07e-02
 1.44306e+17	9.69e-01	3.11e-02	1.78e-06	0.00e+00	0.00e+00	0.00e+00	0.00e+00	0.00e+00	0.00e+00	9.47e-01	1.08e-02	1.07e-02
 1.44677e+17	9.69e-01	3.06e-02	1.73e-06	0.00e+00	0.00e+00	0.00e+00	0.00e+00	0.00e+00	0.00e+00	9.48e-01	1.09e-02	1.07e-02
 1.44935e+17	9.70e-01	3.04e-02	1.71e-06	0.00e+00	0.00e+00	0.00e+00	0.00e+00	0.00e+00	0.00e+00	9.48e-01	1.09e-02	1.07e-02
 1.45193e+17	9.70e-01	2.99e-02	1.67e-06	0.00e+00	0.00e+00	0.00e+00	0.00e+00	0.00e+00	0.00e+00	9.48e-01	1.09e-02	1.07e-02
 1.45471e+17	9.70e-01	2.96e-02	1.64e-06	0.00e+00	0.00e+00	0.00e+00	0.00e+00	0.00e+00	0.00e+00	9.49e-01	1.09e-02	1.07e-02
 1.45746e+17	9.71e-01	2.91e-02	1.60e-06	0.00e+00	0.00e+00	0.00e+00	0.00e+00	0.00e+00	0.00e+00	9.49e-01	1.10e-02	1.07e-02
 1.46001e+17	9.71e-01	2.89e-02	1.58e-06	0.00e+00	0.00e+00	0.00e+00	0.00e+00	0.00e+00	0.00e+00	9.49e-01	1.10e-02	1.07e-02
 1.46237e+17	9.72e-01	2.83e-02	1.53e-06	0.00e+00	0.00e+00	0.00e+00	0.00e+00	0.00e+00	0.00e+00	9.50e-01	1.11e-02	1.08e-02
 1.46459e+17	9.72e-01	2.81e-02	1.51e-06	0.00e+00	0.00e+00	0.00e+00	0.00e+00	0.00e+00	0.00e+00	9.50e-01	1.11e-02	1.08e-02
 1.46669e+17	9.72e-01	2.76e-02	1.47e-06	0.00e+00	0.00e+00	0.00e+00	0.00e+00	0.00e+00	0.00e+00	9.51e-01	1.11e-02	1.08e-02
 1.46869e+17	9.73e-01	2.74e-02	1.46e-06	0.00e+00	0.00e+00	0.00e+00	0.00e+00	0.00e+00	0.00e+00	9.51e-01	1.11e-02	1.08e-02
 1.47065e+17	9.73e-01	2.68e-02	1.42e-06	0.00e+00	0.00e+00	0.00e+00	0.00e+00	0.00e+00	0.00e+00	9.51e-01	1.12e-02	1.08e-02
 1.47254e+17	9.73e-01	2.66e-02	1.40e-06	0.00e+00	0.00e+00	0.00e+00	0.00e+00	0.00e+00	0.00e+00	9.51e-01	1.12e-02	1.08e-02
 1.47430e+17	9.74e-01	2.61e-02	1.37e-06	0.00e+00	0.00e+00	0.00e+00	0.00e+00	0.00e+00	0.00e+00	9.52e-01	1.12e-02	1.08e-02
 1.47595e+17	9.74e-01	2.60e-02	1.35e-06	0.00e+00	0.00e+00	0.00e+00	0.00e+00	0.00e+00	0.00e+00	9.52e-01	1.13e-02	1.08e-02
 1.47756e+17	9.74e-01	2.56e-02	1.32e-06	0.00e+00	0.00e+00	0.00e+00	0.00e+00	0.00e+00	0.00e+00	9.52e-01	1.13e-02	1.08e-02
 1.47915e+17	9.75e-01	2.52e-02	1.30e-06	0.00e+00	0.00e+00	0.00e+00	0.00e+00	0.00e+00	0.00e+00	9.53e-01	1.13e-02	1.08e-02
 1.48062e+17	9.75e-01	2.49e-02	1.27e-06	0.00e+00	0.00e+00	0.00e+00	0.00e+00	0.00e+00	0.00e+00	9.53e-01	1.14e-02	1.09e-02
 1.48200e+17	9.76e-01	2.45e-02	1.24e-06	0.00e+00	0.00e+00	0.00e+00	0.00e+00	0.00e+00	0.00e+00	9.53e-01	1.14e-02	1.09e-02
 1.48298e+17	9.76e-01	2.41e-02	1.23e-06	0.00e+00	0.00e+00	0.00e+00	0.00e+00	0.00e+00	0.00e+00	9.54e-01	1.15e-02	1.09e-02
 1.48367e+17	9.76e-01	2.41e-02	1.22e-06	0.00e+00	0.00e+00	0.00e+00	0.00e+00	0.00e+00	0.00e+00	9.54e-01	1.15e-02	1.09e-02
 1.48427e+17	9.76e-01	2.40e-02	1.21e-06	0.00e+00	0.00e+00	0.00e+00	0.00e+00	0.00e+00	0.00e+00	9.54e-01	1.15e-02	1.09e-02
 1.48488e+17	9.76e-01	2.38e-02	1.20e-06	0.00e+00	0.00e+00	0.00e+00	0.00e+00	0.00e+00	0.00e+00	9.54e-01	1.15e-02	1.09e-02
 1.48553e+17	9.76e-01	2.36e-02	1.19e-06	0.00e+00	0.00e+00	0.00e+00	0.00e+00	0.00e+00	0.00e+00	9.54e-01	1.15e-02	1.09e-02
 1.48621e+17	9.77e-01	2.35e-02	1.18e-06	0.00e+00	0.00e+00	0.00e+00	0.00e+00	0.00e+00	0.00e+00	9.54e-01	1.16e-02	1.09e-02
 1.48687e+17	9.77e-01	2.34e-02	1.17e-06	0.00e+00	0.00e+00	0.00e+00	0.00e+00	0.00e+00	0.00e+00	9.54e-01	1.16e-02	1.09e-02
 1.48752e+17	9.77e-01	2.32e-02	1.15e-06	0.00e+00	0.00e+00	0.00e+00	0.00e+00	0.00e+00	0.00e+00	9.54e-01	1.16e-02	1.09e-02
 1.48822e+17	9.77e-01	2.30e-02	1.14e-06	0.00e+00	0.00e+00	0.00e+00	0.00e+00	0.00e+00	0.00e+00	9.55e-01	1.16e-02	1.09e-02
 1.48891e+17	9.77e-01	2.28e-02	1.13e-06	0.00e+00	0.00e+00	0.00e+00	0.00e+00	0.00e+00	0.00e+00	9.55e-01	1.16e-02	1.09e-02
 1.48951e+17	9.77e-01	2.26e-02	1.12e-06	0.00e+00	0.00e+00	0.00e+00	0.00e+00	0.00e+00	0.00e+00	9.55e-01	1.16e-02	1.09e-02
 1.49007e+17	9.78e-01	2.24e-02	1.10e-06	0.00e+00	0.00e+00	0.00e+00	0.00e+00	0.00e+00	0.00e+00	9.55e-01	1.17e-02	1.09e-02
 1.49067e+17	9.78e-01	2.22e-02	1.09e-06	0.00e+00	0.00e+00	0.00e+00	0.00e+00	0.00e+00	0.00e+00	9.55e-01	1.17e-02	1.10e-02
 1.49133e+17	9.78e-01	2.20e-02	1.08e-06	0.00e+00	0.00e+00	0.00e+00	0.00e+00	0.00e+00	0.00e+00	9.55e-01	1.17e-02	1.10e-02
 1.49199e+17	9.78e-01	2.18e-02	1.07e-06	0.00e+00	0.00e+00	0.00e+00	0.00e+00	0.00e+00	0.00e+00	9.55e-01	1.17e-02	1.10e-02
 1.49262e+17	9.78e-01	2.16e-02	1.06e-06	0.00e+00	0.00e+00	0.00e+00	0.00e+00	0.00e+00	0.00e+00	9.56e-01	1.17e-02	1.10e-02
 1.49323e+17	9.79e-01	2.13e-02	1.03e-06	0.00e+00	0.00e+00	0.00e+00	0.00e+00	0.00e+00	0.00e+00	9.56e-01	1.18e-02	1.10e-02
 1.49371e+17	9.79e-01	2.11e-02	1.03e-06	0.00e+00	0.00e+00	0.00e+00	0.00e+00	0.00e+00	0.00e+00	9.56e-01	1.18e-02	1.10e-02
 1.49414e+17	9.79e-01	2.10e-02	1.01e-06	0.00e+00	0.00e+00	0.00e+00	0.00e+00	0.00e+00	0.00e+00	9.56e-01	1.18e-02	1.10e-02
 1.49469e+17	9.79e-01	2.08e-02	1.00e-06	0.00e+00	0.00e+00	0.00e+00	0.00e+00	0.00e+00	0.00e+00	9.56e-01	1.18e-02	1.10e-02
 1.49536e+17	9.80e-01	2.04e-02	9.80e-07	0.00e+00	0.00e+00	0.00e+00	0.00e+00	0.00e+00	0.00e+00	9.57e-01	1.19e-02	1.10e-02
 1.49596e+17	9.80e-01	2.01e-02	9.59e-07	0.00e+00	0.00e+00	0.00e+00	0.00e+00	0.00e+00	0.00e+00	9.57e-01	1.19e-02	1.10e-02
 1.49637e+17	9.80e-01	2.00e-02	9.50e-07	0.00e+00	0.00e+00	0.00e+00	0.00e+00	0.00e+00	0.00e+00	9.57e-01	1.20e-02	1.10e-02
 1.49678e+17	9.80e-01	1.96e-02	9.28e-07	0.00e+00	0.00e+00	0.00e+00	0.00e+00	0.00e+00	0.00e+00	9.57e-01	1.20e-02	1.11e-02
 1.49721e+17	9.81e-01	1.92e-02	9.08e-07	0.00e+00	0.00e+00	0.00e+00	0.00e+00	0.00e+00	0.00e+00	9.58e-01	1.20e-02	1.11e-02
 1.49762e+17	9.81e-01	1.91e-02	8.98e-07	0.00e+00	0.00e+00	0.00e+00	0.00e+00	0.00e+00	0.00e+00	9.58e-01	1.21e-02	1.11e-02
 1.49808e+17	9.82e-01	1.81e-02	8.43e-07	0.00e+00	0.00e+00	0.00e+00	0.00e+00	0.00e+00	0.00e+00	9.59e-01	1.22e-02	1.11e-02
 1.49859e+17	9.92e-01	8.42e-03	3.03e-07	0.00e+00	0.00e+00	0.00e+00	0.00e+00	0.00e+00	0.00e+00	9.66e-01	1.43e-02	1.13e-02
 1.49905e+17	9.92e-01	7.69e-03	2.66e-07	0.00e+00	0.00e+00	0.00e+00	0.00e+00	0.00e+00	0.00e+00	9.67e-01	1.45e-02	1.13e-02
 1.49946e+17	9.93e-01	7.19e-03	2.44e-07	0.00e+00	0.00e+00	0.00e+00	0.00e+00	0.00e+00	0.00e+00	9.67e-01	1.47e-02	1.12e-02
 1.49984e+17	9.93e-01	6.85e-03	2.29e-07	0.00e+00	0.00e+00	0.00e+00	0.00e+00	0.00e+00	0.00e+00	9.67e-01	1.47e-02	1.11e-02
 1.50019e+17	9.93e-01	6.54e-03	2.15e-07	0.00e+00	0.00e+00	0.00e+00	0.00e+00	0.00e+00	0.00e+00	9.68e-01	1.48e-02	1.11e-02
 1.50050e+17	9.94e-01	6.30e-03	2.05e-07	0.00e+00	0.00e+00	0.00e+00	0.00e+00	0.00e+00	0.00e+00	9.68e-01	1.49e-02	1.10e-02
 1.50079e+17	9.94e-01	6.08e-03	1.96e-07	0.00e+00	0.00e+00	0.00e+00	0.00e+00	0.00e+00	0.00e+00	9.68e-01	1.49e-02	1.10e-02
 1.50105e+17	9.94e-01	5.90e-03	1.88e-07	0.00e+00	0.00e+00	0.00e+00	0.00e+00	0.00e+00	0.00e+00	9.68e-01	1.50e-02	1.09e-02
 1.50129e+17	9.94e-01	5.73e-03	1.83e-07	0.00e+00	0.00e+00	0.00e+00	0.00e+00	0.00e+00	0.00e+00	9.68e-01	1.50e-02	1.09e-02
 1.50150e+17	9.94e-01	5.62e-03	1.78e-07	0.00e+00	0.00e+00	0.00e+00	0.00e+00	0.00e+00	0.00e+00	9.69e-01	1.50e-02	1.08e-02
 1.50170e+17	9.94e-01	5.50e-03	1.73e-07	0.00e+00	0.00e+00	0.00e+00	0.00e+00	0.00e+00	0.00e+00	9.69e-01	1.50e-02	1.08e-02
 1.50188e+17	9.95e-01	5.38e-03	1.68e-07	0.00e+00	0.00e+00	0.00e+00	0.00e+00	0.00e+00	0.00e+00	9.69e-01	1.50e-02	1.08e-02
