#depth	N  1	N  2	N  3	N  4	N  5	N  6	N  7	N  8
 2.49362e+14	4.44e-07	1.14e-03	1.45e-01	4.44e-01	2.63e-01	1.44e-01	3.26e-03	1.49e-05
 1.49617e+15	4.44e-07	1.15e-03	1.45e-01	4.45e-01	2.62e-01	1.43e-01	3.24e-03	1.48e-05
 6.48342e+15	4.42e-07	1.16e-03	1.47e-01	4.47e-01	2.61e-01	1.41e-01	3.17e-03	1.43e-05
 2.64324e+16	4.44e-07	1.20e-03	1.54e-01	4.54e-01	2.55e-01	1.33e-01	2.95e-03	1.31e-05
 6.31386e+16	4.60e-07	1.28e-03	1.66e-01	4.69e-01	2.43e-01	1.18e-01	2.47e-03	1.04e-05
 1.04032e+17	4.79e-07	1.34e-03	1.78e-01	4.78e-01	2.34e-01	1.08e-01	2.18e-03	8.84e-06
 1.50370e+17	5.09e-07	1.41e-03	1.89e-01	4.81e-01	2.27e-01	1.00e-01	1.97e-03	7.80e-06
 2.10608e+17	5.61e-07	1.52e-03	2.07e-01	4.85e-01	2.14e-01	9.06e-02	1.73e-03	6.65e-06
 2.77279e+17	6.12e-07	1.64e-03	2.28e-01	4.87e-01	2.00e-01	8.22e-02	1.54e-03	5.79e-06
 3.39926e+17	6.69e-07	1.77e-03	2.49e-01	4.84e-01	1.87e-01	7.56e-02	1.39e-03	5.19e-06
 3.99340e+17	7.36e-07	1.92e-03	2.72e-01	4.80e-01	1.75e-01	6.99e-02	1.28e-03	4.72e-06
 4.66937e+17	8.43e-07	2.15e-03	3.00e-01	4.73e-01	1.61e-01	6.33e-02	1.15e-03	4.23e-06
 5.34313e+17	9.38e-07	2.36e-03	3.30e-01	4.64e-01	1.45e-01	5.75e-02	1.05e-03	3.85e-06
 5.84865e+17	1.02e-06	2.52e-03	3.52e-01	4.56e-01	1.35e-01	5.37e-02	9.80e-04	3.63e-06
 6.26293e+17	1.10e-06	2.68e-03	3.70e-01	4.49e-01	1.27e-01	5.04e-02	9.21e-04	3.42e-06
 6.72399e+17	1.25e-06	2.96e-03	3.96e-01	4.40e-01	1.15e-01	4.57e-02	8.22e-04	3.02e-06
 7.15916e+17	1.37e-06	3.18e-03	4.18e-01	4.31e-01	1.06e-01	4.19e-02	7.48e-04	2.74e-06
 7.47780e+17	1.47e-06	3.35e-03	4.33e-01	4.24e-01	9.94e-02	3.93e-02	6.96e-04	2.53e-06
 7.80915e+17	1.61e-06	3.59e-03	4.50e-01	4.17e-01	9.24e-02	3.63e-02	6.32e-04	2.27e-06
 8.15938e+17	1.79e-06	3.87e-03	4.70e-01	4.08e-01	8.49e-02	3.30e-02	5.62e-04	1.98e-06
 8.44448e+17	1.95e-06	4.10e-03	4.84e-01	4.01e-01	7.95e-02	3.06e-02	5.09e-04	1.76e-06
 8.67524e+17	2.10e-06	4.32e-03	4.96e-01	3.95e-01	7.53e-02	2.86e-02	4.66e-04	1.58e-06
 8.92505e+17	2.32e-06	4.62e-03	5.11e-01	3.87e-01	7.04e-02	2.63e-02	4.14e-04	1.37e-06
 9.18819e+17	2.59e-06	4.98e-03	5.28e-01	3.78e-01	6.52e-02	2.38e-02	3.61e-04	1.15e-06
 9.40655e+17	2.82e-06	5.27e-03	5.40e-01	3.70e-01	6.16e-02	2.20e-02	3.25e-04	1.01e-06
 9.62832e+17	3.15e-06	5.66e-03	5.55e-01	3.61e-01	5.78e-02	2.01e-02	2.84e-04	8.51e-07
 9.86599e+17	3.52e-06	6.10e-03	5.70e-01	3.52e-01	5.39e-02	1.82e-02	2.47e-04	0.00e+00
 1.00770e+18	3.92e-06	6.52e-03	5.83e-01	3.43e-01	5.08e-02	1.67e-02	2.17e-04	0.00e+00
 1.03038e+18	4.46e-06	7.09e-03	5.98e-01	3.32e-01	4.74e-02	1.50e-02	1.85e-04	0.00e+00
 1.05447e+18	5.11e-06	7.73e-03	6.14e-01	3.21e-01	4.41e-02	1.34e-02	1.56e-04	0.00e+00
 1.07571e+18	5.78e-06	8.34e-03	6.27e-01	3.11e-01	4.15e-02	1.21e-02	1.34e-04	0.00e+00
 1.09868e+18	6.67e-06	9.11e-03	6.41e-01	3.00e-01	3.88e-02	1.08e-02	1.13e-04	0.00e+00
 1.12443e+18	7.85e-06	1.01e-02	6.57e-01	2.88e-01	3.59e-02	9.42e-03	9.24e-05	0.00e+00
 1.14900e+18	9.19e-06	1.11e-02	6.71e-01	2.76e-01	3.35e-02	8.30e-03	7.63e-05	0.00e+00
 1.17225e+18	1.07e-05	1.21e-02	6.84e-01	2.65e-01	3.15e-02	7.35e-03	6.35e-05	0.00e+00
 1.19857e+18	1.28e-05	1.35e-02	6.98e-01	2.52e-01	2.93e-02	6.38e-03	5.11e-05	0.00e+00
 1.22705e+18	1.55e-05	1.52e-02	7.13e-01	2.39e-01	2.72e-02	5.47e-03	4.04e-05	0.00e+00
 1.25259e+18	1.84e-05	1.68e-02	7.25e-01	2.28e-01	2.56e-02	4.79e-03	3.30e-05	0.00e+00
 1.27223e+18	2.09e-05	1.81e-02	7.33e-01	2.20e-01	2.45e-02	4.34e-03	2.83e-05	0.00e+00
 1.28675e+18	2.32e-05	1.92e-02	7.39e-01	2.14e-01	2.37e-02	4.01e-03	2.51e-05	0.00e+00
 1.30245e+18	2.60e-05	2.06e-02	7.46e-01	2.07e-01	2.28e-02	3.67e-03	2.19e-05	0.00e+00
 1.32286e+18	3.03e-05	2.26e-02	7.54e-01	1.98e-01	2.17e-02	3.24e-03	1.81e-05	0.00e+00
 1.34307e+18	3.53e-05	2.48e-02	7.63e-01	1.89e-01	2.06e-02	2.87e-03	1.51e-05	0.00e+00
 1.35836e+18	3.98e-05	2.66e-02	7.68e-01	1.83e-01	1.99e-02	2.62e-03	1.30e-05	0.00e+00
 1.37357e+18	4.50e-05	2.86e-02	7.74e-01	1.76e-01	1.92e-02	2.38e-03	1.13e-05	0.00e+00
 1.39061e+18	5.18e-05	3.12e-02	7.80e-01	1.68e-01	1.83e-02	2.12e-03	9.46e-06	0.00e+00
 1.40617e+18	5.91e-05	3.38e-02	7.85e-01	1.61e-01	1.76e-02	1.91e-03	8.05e-06	0.00e+00
 1.41978e+18	6.65e-05	3.63e-02	7.90e-01	1.55e-01	1.70e-02	1.74e-03	6.96e-06	0.00e+00
 1.43471e+18	7.63e-05	3.95e-02	7.94e-01	1.48e-01	1.63e-02	1.56e-03	5.88e-06	0.00e+00
 1.45055e+18	8.87e-05	4.33e-02	7.99e-01	1.41e-01	1.55e-02	1.37e-03	4.87e-06	0.00e+00
 1.46386e+18	1.01e-04	4.70e-02	8.03e-01	1.34e-01	1.49e-02	1.23e-03	4.12e-06	0.00e+00
 1.47518e+18	1.14e-04	5.04e-02	8.05e-01	1.29e-01	1.44e-02	1.12e-03	3.57e-06	0.00e+00
 1.48764e+18	1.30e-04	5.47e-02	8.08e-01	1.23e-01	1.38e-02	1.00e-03	3.01e-06	0.00e+00
 1.50121e+18	1.51e-04	6.02e-02	8.10e-01	1.15e-01	1.31e-02	8.78e-04	2.47e-06	0.00e+00
 1.51296e+18	1.74e-04	6.55e-02	8.12e-01	1.09e-01	1.25e-02	7.81e-04	2.07e-06	0.00e+00
 1.52293e+18	1.96e-04	7.06e-02	8.12e-01	1.04e-01	1.20e-02	7.04e-04	1.77e-06	0.00e+00
 1.53385e+18	2.25e-04	7.68e-02	8.13e-01	9.83e-02	1.14e-02	6.23e-04	1.47e-06	0.00e+00
 1.54573e+18	2.64e-04	8.47e-02	8.12e-01	9.18e-02	1.07e-02	5.40e-04	1.19e-06	0.00e+00
 1.55603e+18	3.05e-04	9.26e-02	8.10e-01	8.62e-02	1.02e-02	4.74e-04	9.81e-07	0.00e+00
 1.56476e+18	3.46e-04	1.00e-01	8.08e-01	8.13e-02	9.68e-03	4.22e-04	0.00e+00	0.00e+00
 1.57428e+18	3.99e-04	1.09e-01	8.05e-01	7.60e-02	9.14e-03	3.69e-04	0.00e+00	0.00e+00
 1.58466e+18	4.71e-04	1.21e-01	8.00e-01	7.01e-02	8.53e-03	3.15e-04	0.00e+00	0.00e+00
 1.59370e+18	5.47e-04	1.33e-01	7.94e-01	6.50e-02	7.99e-03	2.72e-04	0.00e+00	0.00e+00
 1.60138e+18	6.25e-04	1.44e-01	7.87e-01	6.06e-02	7.53e-03	2.39e-04	0.00e+00	0.00e+00
 1.60977e+18	7.26e-04	1.57e-01	7.79e-01	5.59e-02	7.02e-03	2.05e-04	0.00e+00	0.00e+00
 1.61898e+18	8.64e-04	1.75e-01	7.67e-01	5.07e-02	6.46e-03	1.71e-04	0.00e+00	0.00e+00
 1.62712e+18	1.02e-03	1.93e-01	7.54e-01	4.61e-02	5.94e-03	1.44e-04	0.00e+00	0.00e+00
 1.63407e+18	1.17e-03	2.10e-01	7.41e-01	4.22e-02	5.51e-03	1.23e-04	0.00e+00	0.00e+00
 1.64165e+18	1.38e-03	2.31e-01	7.25e-01	3.81e-02	5.03e-03	1.03e-04	0.00e+00	0.00e+00
 1.65008e+18	1.66e-03	2.58e-01	7.02e-01	3.36e-02	4.50e-03	8.23e-05	0.00e+00	0.00e+00
 1.65771e+18	2.00e-03	2.86e-01	6.78e-01	2.96e-02	4.02e-03	6.61e-05	0.00e+00	0.00e+00
 1.66436e+18	2.35e-03	3.14e-01	6.54e-01	2.62e-02	3.60e-03	5.38e-05	0.00e+00	0.00e+00
 1.67162e+18	2.82e-03	3.47e-01	6.24e-01	2.27e-02	3.16e-03	4.23e-05	0.00e+00	0.00e+00
 1.67946e+18	3.48e-03	3.90e-01	5.85e-01	1.90e-02	2.68e-03	3.16e-05	0.00e+00	0.00e+00
 1.68602e+18	4.18e-03	4.30e-01	5.48e-01	1.61e-02	2.29e-03	2.42e-05	0.00e+00	0.00e+00
 1.69134e+18	4.90e-03	4.66e-01	5.13e-01	1.38e-02	1.97e-03	1.89e-05	0.00e+00	0.00e+00
 1.69704e+18	5.78e-03	5.06e-01	4.75e-01	1.17e-02	1.67e-03	1.44e-05	0.00e+00	0.00e+00
 1.70343e+18	7.03e-03	5.55e-01	4.27e-01	9.43e-03	1.35e-03	1.03e-05	0.00e+00	0.00e+00
 1.70915e+18	8.48e-03	6.03e-01	3.80e-01	7.58e-03	1.07e-03	7.26e-06	0.00e+00	0.00e+00
 1.71385e+18	9.93e-03	6.44e-01	3.39e-01	6.22e-03	8.65e-04	5.33e-06	0.00e+00	0.00e+00
 1.71796e+18	1.14e-02	6.81e-01	3.02e-01	5.18e-03	7.03e-04	3.98e-06	0.00e+00	0.00e+00
 1.72188e+18	1.31e-02	7.15e-01	2.67e-01	4.30e-03	5.67e-04	2.97e-06	0.00e+00	0.00e+00
 1.72638e+18	1.54e-02	7.53e-01	2.28e-01	3.43e-03	4.31e-04	2.07e-06	0.00e+00	0.00e+00
 1.73101e+18	1.83e-02	7.92e-01	1.87e-01	2.65e-03	3.09e-04	1.36e-06	0.00e+00	0.00e+00
 1.73461e+18	2.12e-02	8.21e-01	1.56e-01	2.14e-03	2.29e-04	9.58e-07	0.00e+00	0.00e+00
 1.73743e+18	2.38e-02	8.41e-01	1.33e-01	1.80e-03	1.78e-04	0.00e+00	0.00e+00	0.00e+00
 1.74047e+18	2.70e-02	8.60e-01	1.11e-01	1.51e-03	1.34e-04	0.00e+00	0.00e+00	0.00e+00
 1.74441e+18	3.19e-02	8.81e-01	8.61e-02	1.19e-03	9.00e-05	0.00e+00	0.00e+00	0.00e+00
 1.74832e+18	3.88e-02	8.98e-01	6.25e-02	9.11e-04	5.48e-05	0.00e+00	0.00e+00	0.00e+00
 1.75103e+18	4.52e-02	9.06e-01	4.80e-02	7.52e-04	3.69e-05	0.00e+00	0.00e+00	0.00e+00
 1.75288e+18	5.03e-02	9.09e-01	3.98e-02	6.62e-04	2.78e-05	0.00e+00	0.00e+00	0.00e+00
 1.75474e+18	5.58e-02	9.11e-01	3.29e-02	5.86e-04	2.10e-05	0.00e+00	0.00e+00	0.00e+00
 1.75717e+18	6.45e-02	9.10e-01	2.51e-02	4.98e-04	1.42e-05	0.00e+00	0.00e+00	0.00e+00
 1.75961e+18	7.66e-02	9.05e-01	1.82e-02	4.13e-04	8.84e-06	0.00e+00	0.00e+00	0.00e+00
 1.76140e+18	8.80e-02	8.98e-01	1.40e-02	3.58e-04	6.08e-06	0.00e+00	0.00e+00	0.00e+00
 1.76268e+18	9.73e-02	8.91e-01	1.15e-02	3.24e-04	4.63e-06	0.00e+00	0.00e+00	0.00e+00
 1.76384e+18	1.07e-01	8.83e-01	9.67e-03	2.96e-04	3.61e-06	0.00e+00	0.00e+00	0.00e+00
 1.76507e+18	1.18e-01	8.74e-01	7.95e-03	2.69e-04	2.75e-06	0.00e+00	0.00e+00	0.00e+00
 1.76628e+18	1.31e-01	8.63e-01	6.48e-03	2.43e-04	2.08e-06	0.00e+00	0.00e+00	0.00e+00
 1.76729e+18	1.43e-01	8.51e-01	5.40e-03	2.22e-04	1.62e-06	0.00e+00	0.00e+00	0.00e+00
 1.76810e+18	1.54e-01	8.41e-01	4.68e-03	2.08e-04	1.33e-06	0.00e+00	0.00e+00	0.00e+00
 1.76886e+18	1.64e-01	8.31e-01	4.10e-03	1.95e-04	1.12e-06	0.00e+00	0.00e+00	0.00e+00
 1.76950e+18	1.74e-01	8.22e-01	3.64e-03	1.84e-04	9.53e-07	0.00e+00	0.00e+00	0.00e+00
 1.76996e+18	1.81e-01	8.15e-01	3.36e-03	1.78e-04	0.00e+00	0.00e+00	0.00e+00	0.00e+00
 1.77037e+18	1.88e-01	8.09e-01	3.13e-03	1.72e-04	0.00e+00	0.00e+00	0.00e+00	0.00e+00
 1.77086e+18	1.96e-01	8.01e-01	2.87e-03	1.65e-04	0.00e+00	0.00e+00	0.00e+00	0.00e+00
 1.77143e+18	2.06e-01	7.91e-01	2.59e-03	1.57e-04	0.00e+00	0.00e+00	0.00e+00	0.00e+00
 1.77194e+18	2.16e-01	7.82e-01	2.36e-03	1.50e-04	0.00e+00	0.00e+00	0.00e+00	0.00e+00
 1.77237e+18	2.24e-01	7.74e-01	2.20e-03	1.45e-04	0.00e+00	0.00e+00	0.00e+00	0.00e+00
 1.77279e+18	2.32e-01	7.66e-01	2.05e-03	1.40e-04	0.00e+00	0.00e+00	0.00e+00	0.00e+00
 1.77329e+18	2.41e-01	7.57e-01	1.88e-03	1.34e-04	0.00e+00	0.00e+00	0.00e+00	0.00e+00
 1.77381e+18	2.52e-01	7.46e-01	1.72e-03	1.28e-04	0.00e+00	0.00e+00	0.00e+00	0.00e+00
 1.77428e+18	2.62e-01	7.36e-01	1.59e-03	1.23e-04	0.00e+00	0.00e+00	0.00e+00	0.00e+00
 1.77471e+18	2.71e-01	7.28e-01	1.49e-03	1.19e-04	0.00e+00	0.00e+00	0.00e+00	0.00e+00
 1.77517e+18	2.80e-01	7.19e-01	1.40e-03	1.15e-04	0.00e+00	0.00e+00	0.00e+00	0.00e+00
 1.77569e+18	2.91e-01	7.08e-01	1.29e-03	1.10e-04	0.00e+00	0.00e+00	0.00e+00	0.00e+00
 1.77623e+18	3.03e-01	6.96e-01	1.20e-03	1.06e-04	0.00e+00	0.00e+00	0.00e+00	0.00e+00
 1.77672e+18	3.13e-01	6.86e-01	1.13e-03	1.02e-04	0.00e+00	0.00e+00	0.00e+00	0.00e+00
 1.77720e+18	3.22e-01	6.76e-01	1.06e-03	9.84e-05	0.00e+00	0.00e+00	0.00e+00	0.00e+00
 1.77774e+18	3.33e-01	6.66e-01	9.99e-04	9.52e-05	0.00e+00	0.00e+00	0.00e+00	0.00e+00
 1.77835e+18	3.45e-01	6.54e-01	9.34e-04	9.12e-05	0.00e+00	0.00e+00	0.00e+00	0.00e+00
 1.77896e+18	3.56e-01	6.43e-01	8.79e-04	8.77e-05	0.00e+00	0.00e+00	0.00e+00	0.00e+00
 1.77955e+18	3.66e-01	6.33e-01	8.36e-04	8.50e-05	0.00e+00	0.00e+00	0.00e+00	0.00e+00
 1.78020e+18	3.76e-01	6.23e-01	7.96e-04	8.23e-05	0.00e+00	0.00e+00	0.00e+00	0.00e+00
 1.78095e+18	3.87e-01	6.12e-01	7.54e-04	7.92e-05	0.00e+00	0.00e+00	0.00e+00	0.00e+00
 1.78171e+18	3.97e-01	6.03e-01	7.22e-04	7.69e-05	0.00e+00	0.00e+00	0.00e+00	0.00e+00
 1.78246e+18	4.05e-01	5.94e-01	6.96e-04	7.48e-05	0.00e+00	0.00e+00	0.00e+00	0.00e+00
 1.78335e+18	4.13e-01	5.86e-01	6.72e-04	7.29e-05	0.00e+00	0.00e+00	0.00e+00	0.00e+00
 1.78443e+18	4.22e-01	5.77e-01	6.48e-04	7.08e-05	0.00e+00	0.00e+00	0.00e+00	0.00e+00
 1.78559e+18	4.30e-01	5.70e-01	6.29e-04	6.91e-05	0.00e+00	0.00e+00	0.00e+00	0.00e+00
 1.78679e+18	4.35e-01	5.64e-01	6.15e-04	6.78e-05	0.00e+00	0.00e+00	0.00e+00	0.00e+00
 1.78798e+18	4.40e-01	5.59e-01	6.05e-04	6.70e-05	0.00e+00	0.00e+00	0.00e+00	0.00e+00
 1.78916e+18	4.43e-01	5.56e-01	5.97e-04	6.61e-05	0.00e+00	0.00e+00	0.00e+00	0.00e+00
 1.79033e+18	4.46e-01	5.53e-01	5.91e-04	6.55e-05	0.00e+00	0.00e+00	0.00e+00	0.00e+00
 1.79148e+18	4.48e-01	5.51e-01	5.86e-04	6.50e-05	0.00e+00	0.00e+00	0.00e+00	0.00e+00
 1.79280e+18	4.50e-01	5.49e-01	5.82e-04	6.47e-05	0.00e+00	0.00e+00	0.00e+00	0.00e+00
 1.79451e+18	4.53e-01	5.47e-01	5.77e-04	6.42e-05	0.00e+00	0.00e+00	0.00e+00	0.00e+00
 1.79674e+18	4.56e-01	5.43e-01	5.70e-04	6.34e-05	0.00e+00	0.00e+00	0.00e+00	0.00e+00
 1.79964e+18	4.59e-01	5.41e-01	5.64e-04	6.29e-05	0.00e+00	0.00e+00	0.00e+00	0.00e+00
 1.80341e+18	4.63e-01	5.37e-01	5.55e-04	6.20e-05	0.00e+00	0.00e+00	0.00e+00	0.00e+00
 1.80831e+18	4.68e-01	5.31e-01	5.45e-04	6.10e-05	0.00e+00	0.00e+00	0.00e+00	0.00e+00
 1.81468e+18	4.74e-01	5.25e-01	5.33e-04	5.96e-05	0.00e+00	0.00e+00	0.00e+00	0.00e+00
 1.82296e+18	4.82e-01	5.17e-01	5.18e-04	5.80e-05	0.00e+00	0.00e+00	0.00e+00	0.00e+00
 1.83372e+18	4.92e-01	5.08e-01	5.00e-04	5.60e-05	0.00e+00	0.00e+00	0.00e+00	0.00e+00
 1.84772e+18	5.04e-01	4.96e-01	4.79e-04	5.35e-05	0.00e+00	0.00e+00	0.00e+00	0.00e+00
 1.86591e+18	5.19e-01	4.80e-01	4.55e-04	5.05e-05	0.00e+00	0.00e+00	0.00e+00	0.00e+00
 1.88678e+18	5.36e-01	4.63e-01	4.38e-04	4.74e-05	0.00e+00	0.00e+00	0.00e+00	0.00e+00
 1.90950e+18	5.53e-01	4.46e-01	4.16e-04	4.42e-05	0.00e+00	0.00e+00	0.00e+00	0.00e+00
 1.93492e+18	5.72e-01	4.27e-01	3.92e-04	4.09e-05	0.00e+00	0.00e+00	0.00e+00	0.00e+00
 1.96164e+18	5.85e-01	4.15e-01	3.71e-04	3.83e-05	0.00e+00	0.00e+00	0.00e+00	0.00e+00
 1.98922e+18	6.02e-01	3.97e-01	3.50e-04	3.54e-05	0.00e+00	0.00e+00	0.00e+00	0.00e+00
 2.01724e+18	6.20e-01	3.80e-01	3.34e-04	3.27e-05	0.00e+00	0.00e+00	0.00e+00	0.00e+00
 2.04528e+18	6.37e-01	3.63e-01	3.17e-04	3.01e-05	0.00e+00	0.00e+00	0.00e+00	0.00e+00
 2.07483e+18	6.54e-01	3.46e-01	2.99e-04	2.77e-05	0.00e+00	0.00e+00	0.00e+00	0.00e+00
 2.10568e+18	6.71e-01	3.29e-01	2.82e-04	2.53e-05	0.00e+00	0.00e+00	0.00e+00	0.00e+00
 2.13643e+18	6.88e-01	3.12e-01	2.66e-04	2.31e-05	0.00e+00	0.00e+00	0.00e+00	0.00e+00
 2.16727e+18	7.04e-01	2.96e-01	2.51e-04	2.11e-05	0.00e+00	0.00e+00	0.00e+00	0.00e+00
 2.19901e+18	7.20e-01	2.80e-01	2.36e-04	1.91e-05	0.00e+00	0.00e+00	0.00e+00	0.00e+00
 2.23188e+18	7.36e-01	2.63e-01	2.22e-04	1.73e-05	0.00e+00	0.00e+00	0.00e+00	0.00e+00
 2.26663e+18	7.53e-01	2.47e-01	2.08e-04	1.55e-05	0.00e+00	0.00e+00	0.00e+00	0.00e+00
 2.30188e+18	7.69e-01	2.31e-01	1.94e-04	1.39e-05	0.00e+00	0.00e+00	0.00e+00	0.00e+00
 2.33502e+18	7.83e-01	2.17e-01	1.82e-04	1.25e-05	0.00e+00	0.00e+00	0.00e+00	0.00e+00
 2.36688e+18	7.95e-01	2.05e-01	1.71e-04	1.13e-05	0.00e+00	0.00e+00	0.00e+00	0.00e+00
 2.39793e+18	8.08e-01	1.92e-01	1.61e-04	1.02e-05	0.00e+00	0.00e+00	0.00e+00	0.00e+00
 2.42309e+18	8.17e-01	1.83e-01	1.54e-04	9.38e-06	0.00e+00	0.00e+00	0.00e+00	0.00e+00
 2.44072e+18	8.22e-01	1.78e-01	1.50e-04	8.96e-06	0.00e+00	0.00e+00	0.00e+00	0.00e+00
 2.45829e+18	8.27e-01	1.73e-01	1.45e-04	8.46e-06	0.00e+00	0.00e+00	0.00e+00	0.00e+00
 2.47950e+18	8.36e-01	1.64e-01	1.38e-04	7.80e-06	0.00e+00	0.00e+00	0.00e+00	0.00e+00
 2.49986e+18	8.43e-01	1.57e-01	1.32e-04	7.25e-06	0.00e+00	0.00e+00	0.00e+00	0.00e+00
 2.51612e+18	8.48e-01	1.52e-01	1.28e-04	6.91e-06	0.00e+00	0.00e+00	0.00e+00	0.00e+00
 2.53216e+18	8.52e-01	1.47e-01	1.24e-04	6.53e-06	0.00e+00	0.00e+00	0.00e+00	0.00e+00
 2.55068e+18	8.59e-01	1.41e-01	1.19e-04	6.06e-06	0.00e+00	0.00e+00	0.00e+00	0.00e+00
 2.56791e+18	8.65e-01	1.35e-01	1.14e-04	5.67e-06	0.00e+00	0.00e+00	0.00e+00	0.00e+00
 2.58226e+18	8.69e-01	1.31e-01	1.11e-04	5.43e-06	0.00e+00	0.00e+00	0.00e+00	0.00e+00
 2.59751e+18	8.73e-01	1.27e-01	1.07e-04	5.11e-06	0.00e+00	0.00e+00	0.00e+00	0.00e+00
 2.61428e+18	8.79e-01	1.21e-01	1.03e-04	4.77e-06	0.00e+00	0.00e+00	0.00e+00	0.00e+00
 2.62891e+18	8.83e-01	1.17e-01	1.00e-04	4.54e-06	0.00e+00	0.00e+00	0.00e+00	0.00e+00
 2.64201e+18	8.86e-01	1.14e-01	9.77e-05	4.33e-06	0.00e+00	0.00e+00	0.00e+00	0.00e+00
 2.65690e+18	8.90e-01	1.10e-01	9.40e-05	4.06e-06	0.00e+00	0.00e+00	0.00e+00	0.00e+00
 2.67151e+18	8.95e-01	1.05e-01	9.06e-05	3.80e-06	0.00e+00	0.00e+00	0.00e+00	0.00e+00
 2.68294e+18	8.97e-01	1.03e-01	8.85e-05	3.66e-06	0.00e+00	0.00e+00	0.00e+00	0.00e+00
 2.69431e+18	9.00e-01	1.00e-01	8.65e-05	3.52e-06	0.00e+00	0.00e+00	0.00e+00	0.00e+00
 2.70910e+18	9.04e-01	9.57e-02	8.29e-05	3.27e-06	0.00e+00	0.00e+00	0.00e+00	0.00e+00
 2.72312e+18	9.08e-01	9.15e-02	7.99e-05	3.06e-06	0.00e+00	0.00e+00	0.00e+00	0.00e+00
 2.73270e+18	9.10e-01	9.00e-02	7.85e-05	2.97e-06	0.00e+00	0.00e+00	0.00e+00	0.00e+00
 2.74172e+18	9.11e-01	8.85e-02	7.70e-05	2.88e-06	0.00e+00	0.00e+00	0.00e+00	0.00e+00
 2.75345e+18	9.15e-01	8.51e-02	7.44e-05	2.71e-06	0.00e+00	0.00e+00	0.00e+00	0.00e+00
 2.76531e+18	9.18e-01	8.17e-02	7.20e-05	2.56e-06	0.00e+00	0.00e+00	0.00e+00	0.00e+00
 2.77442e+18	9.20e-01	8.00e-02	7.05e-05	2.47e-06	0.00e+00	0.00e+00	0.00e+00	0.00e+00
 2.78335e+18	9.22e-01	7.84e-02	6.91e-05	2.39e-06	0.00e+00	0.00e+00	0.00e+00	0.00e+00
 2.79494e+18	9.25e-01	7.51e-02	6.66e-05	2.24e-06	0.00e+00	0.00e+00	0.00e+00	0.00e+00
 2.80601e+18	9.28e-01	7.21e-02	6.45e-05	2.11e-06	0.00e+00	0.00e+00	0.00e+00	0.00e+00
 2.81361e+18	9.29e-01	7.10e-02	6.34e-05	2.06e-06	0.00e+00	0.00e+00	0.00e+00	0.00e+00
 2.82071e+18	9.30e-01	7.00e-02	6.24e-05	2.00e-06	0.00e+00	0.00e+00	0.00e+00	0.00e+00
 2.82993e+18	9.32e-01	6.75e-02	6.05e-05	1.90e-06	0.00e+00	0.00e+00	0.00e+00	0.00e+00
 2.83911e+18	9.35e-01	6.50e-02	5.88e-05	1.80e-06	0.00e+00	0.00e+00	0.00e+00	0.00e+00
 2.84590e+18	9.36e-01	6.40e-02	5.79e-05	1.75e-06	0.00e+00	0.00e+00	0.00e+00	0.00e+00
 2.85239e+18	9.37e-01	6.30e-02	5.69e-05	1.70e-06	0.00e+00	0.00e+00	0.00e+00	0.00e+00
 2.86083e+18	9.39e-01	6.07e-02	5.52e-05	1.62e-06	0.00e+00	0.00e+00	0.00e+00	0.00e+00
 2.86903e+18	9.40e-01	5.95e-02	5.42e-05	1.56e-06	0.00e+00	0.00e+00	0.00e+00	0.00e+00
 2.87692e+18	9.42e-01	5.83e-02	5.31e-05	1.51e-06	0.00e+00	0.00e+00	0.00e+00	0.00e+00
 2.88717e+18	9.44e-01	5.58e-02	5.13e-05	1.42e-06	0.00e+00	0.00e+00	0.00e+00	0.00e+00
 2.89654e+18	9.46e-01	5.35e-02	4.96e-05	1.33e-06	0.00e+00	0.00e+00	0.00e+00	0.00e+00
 2.90221e+18	9.47e-01	5.30e-02	4.90e-05	1.31e-06	0.00e+00	0.00e+00	0.00e+00	0.00e+00
 2.90705e+18	9.47e-01	5.26e-02	4.85e-05	1.29e-06	0.00e+00	0.00e+00	0.00e+00	0.00e+00
 2.91334e+18	9.49e-01	5.13e-02	4.76e-05	1.24e-06	0.00e+00	0.00e+00	0.00e+00	0.00e+00
 2.92075e+18	9.51e-01	4.93e-02	4.61e-05	1.17e-06	0.00e+00	0.00e+00	0.00e+00	0.00e+00
 2.92699e+18	9.52e-01	4.81e-02	4.52e-05	1.14e-06	0.00e+00	0.00e+00	0.00e+00	0.00e+00
 2.93165e+18	9.52e-01	4.75e-02	4.46e-05	1.11e-06	0.00e+00	0.00e+00	0.00e+00	0.00e+00
 2.93689e+18	9.53e-01	4.67e-02	4.39e-05	1.08e-06	0.00e+00	0.00e+00	0.00e+00	0.00e+00
 2.94370e+18	9.55e-01	4.49e-02	4.26e-05	1.02e-06	0.00e+00	0.00e+00	0.00e+00	0.00e+00
 2.94991e+18	9.57e-01	4.32e-02	4.14e-05	9.72e-07	0.00e+00	0.00e+00	0.00e+00	0.00e+00
 2.95373e+18	9.57e-01	4.30e-02	4.10e-05	0.00e+00	0.00e+00	0.00e+00	0.00e+00	0.00e+00
 2.95708e+18	9.57e-01	4.26e-02	4.06e-05	0.00e+00	0.00e+00	0.00e+00	0.00e+00	0.00e+00
 2.96142e+18	9.58e-01	4.17e-02	4.00e-05	0.00e+00	0.00e+00	0.00e+00	0.00e+00	0.00e+00
 2.96690e+18	9.60e-01	4.03e-02	3.90e-05	0.00e+00	0.00e+00	0.00e+00	0.00e+00	0.00e+00
 2.97183e+18	9.61e-01	3.93e-02	3.83e-05	0.00e+00	0.00e+00	0.00e+00	0.00e+00	0.00e+00
 2.97529e+18	9.61e-01	3.89e-02	3.78e-05	0.00e+00	0.00e+00	0.00e+00	0.00e+00	0.00e+00
 2.97886e+18	9.62e-01	3.83e-02	3.73e-05	0.00e+00	0.00e+00	0.00e+00	0.00e+00	0.00e+00
 2.98351e+18	9.63e-01	3.70e-02	3.64e-05	0.00e+00	0.00e+00	0.00e+00	0.00e+00	0.00e+00
 2.98784e+18	9.64e-01	3.58e-02	3.55e-05	0.00e+00	0.00e+00	0.00e+00	0.00e+00	0.00e+00
 2.99062e+18	9.64e-01	3.55e-02	3.52e-05	0.00e+00	0.00e+00	0.00e+00	0.00e+00	0.00e+00
 2.99310e+18	9.65e-01	3.53e-02	3.49e-05	0.00e+00	0.00e+00	0.00e+00	0.00e+00	0.00e+00
 2.99632e+18	9.65e-01	3.47e-02	3.45e-05	0.00e+00	0.00e+00	0.00e+00	0.00e+00	0.00e+00
 3.00023e+18	9.66e-01	3.38e-02	3.39e-05	0.00e+00	0.00e+00	0.00e+00	0.00e+00	0.00e+00
 3.00405e+18	9.67e-01	3.27e-02	3.30e-05	0.00e+00	0.00e+00	0.00e+00	0.00e+00	0.00e+00
 3.00679e+18	9.68e-01	3.23e-02	3.27e-05	0.00e+00	0.00e+00	0.00e+00	0.00e+00	0.00e+00
 3.00841e+18	9.68e-01	3.21e-02	3.25e-05	0.00e+00	0.00e+00	0.00e+00	0.00e+00	0.00e+00
 3.00985e+18	9.68e-01	3.20e-02	3.23e-05	0.00e+00	0.00e+00	0.00e+00	0.00e+00	0.00e+00
 3.01172e+18	9.68e-01	3.16e-02	3.21e-05	0.00e+00	0.00e+00	0.00e+00	0.00e+00	0.00e+00
 3.01361e+18	9.69e-01	3.12e-02	3.18e-05	0.00e+00	0.00e+00	0.00e+00	0.00e+00	0.00e+00
 3.01494e+18	9.69e-01	3.10e-02	3.15e-05	0.00e+00	0.00e+00	0.00e+00	0.00e+00	0.00e+00
 3.01594e+18	9.69e-01	3.09e-02	3.14e-05	0.00e+00	0.00e+00	0.00e+00	0.00e+00	0.00e+00
 3.01706e+18	9.69e-01	3.07e-02	3.13e-05	0.00e+00	0.00e+00	0.00e+00	0.00e+00	0.00e+00
 3.01850e+18	9.70e-01	3.04e-02	3.10e-05	0.00e+00	0.00e+00	0.00e+00	0.00e+00	0.00e+00
 3.01999e+18	9.70e-01	3.00e-02	3.08e-05	0.00e+00	0.00e+00	0.00e+00	0.00e+00	0.00e+00
 3.02119e+18	9.70e-01	2.98e-02	3.06e-05	0.00e+00	0.00e+00	0.00e+00	0.00e+00	0.00e+00
 3.02226e+18	9.70e-01	2.96e-02	3.04e-05	0.00e+00	0.00e+00	0.00e+00	0.00e+00	0.00e+00
 3.02349e+18	9.71e-01	2.94e-02	3.02e-05	0.00e+00	0.00e+00	0.00e+00	0.00e+00	0.00e+00
 3.02508e+18	9.71e-01	2.90e-02	3.00e-05	0.00e+00	0.00e+00	0.00e+00	0.00e+00	0.00e+00
 3.02663e+18	9.71e-01	2.87e-02	2.97e-05	0.00e+00	0.00e+00	0.00e+00	0.00e+00	0.00e+00
 3.02771e+18	9.72e-01	2.85e-02	2.95e-05	0.00e+00	0.00e+00	0.00e+00	0.00e+00	0.00e+00
 3.02870e+18	9.72e-01	2.84e-02	2.94e-05	0.00e+00	0.00e+00	0.00e+00	0.00e+00	0.00e+00
 3.02997e+18	9.72e-01	2.81e-02	2.92e-05	0.00e+00	0.00e+00	0.00e+00	0.00e+00	0.00e+00
 3.03142e+18	9.72e-01	2.78e-02	2.90e-05	0.00e+00	0.00e+00	0.00e+00	0.00e+00	0.00e+00
 3.03271e+18	9.72e-01	2.75e-02	2.88e-05	0.00e+00	0.00e+00	0.00e+00	0.00e+00	0.00e+00
 3.03374e+18	9.73e-01	2.74e-02	2.86e-05	0.00e+00	0.00e+00	0.00e+00	0.00e+00	0.00e+00
 3.03484e+18	9.73e-01	2.72e-02	2.85e-05	0.00e+00	0.00e+00	0.00e+00	0.00e+00	0.00e+00
 3.03622e+18	9.73e-01	2.69e-02	2.83e-05	0.00e+00	0.00e+00	0.00e+00	0.00e+00	0.00e+00
 3.03767e+18	9.73e-01	2.66e-02	2.80e-05	0.00e+00	0.00e+00	0.00e+00	0.00e+00	0.00e+00
 3.03886e+18	9.74e-01	2.64e-02	2.79e-05	0.00e+00	0.00e+00	0.00e+00	0.00e+00	0.00e+00
 3.03987e+18	9.74e-01	2.63e-02	2.77e-05	0.00e+00	0.00e+00	0.00e+00	0.00e+00	0.00e+00
 3.04100e+18	9.74e-01	2.61e-02	2.76e-05	0.00e+00	0.00e+00	0.00e+00	0.00e+00	0.00e+00
 3.04240e+18	9.74e-01	2.59e-02	2.74e-05	0.00e+00	0.00e+00	0.00e+00	0.00e+00	0.00e+00
 3.04385e+18	9.74e-01	2.56e-02	2.72e-05	0.00e+00	0.00e+00	0.00e+00	0.00e+00	0.00e+00
 3.04505e+18	9.75e-01	2.54e-02	2.70e-05	0.00e+00	0.00e+00	0.00e+00	0.00e+00	0.00e+00
 3.04609e+18	9.75e-01	2.53e-02	2.69e-05	0.00e+00	0.00e+00	0.00e+00	0.00e+00	0.00e+00
 3.04728e+18	9.75e-01	2.51e-02	2.68e-05	0.00e+00	0.00e+00	0.00e+00	0.00e+00	0.00e+00
 3.04873e+18	9.75e-01	2.49e-02	2.66e-05	0.00e+00	0.00e+00	0.00e+00	0.00e+00	0.00e+00
 3.05016e+18	9.75e-01	2.47e-02	2.64e-05	0.00e+00	0.00e+00	0.00e+00	0.00e+00	0.00e+00
 3.05133e+18	9.75e-01	2.46e-02	2.63e-05	0.00e+00	0.00e+00	0.00e+00	0.00e+00	0.00e+00
 3.05243e+18	9.75e-01	2.45e-02	2.62e-05	0.00e+00	0.00e+00	0.00e+00	0.00e+00	0.00e+00
 3.05374e+18	9.76e-01	2.43e-02	2.61e-05	0.00e+00	0.00e+00	0.00e+00	0.00e+00	0.00e+00
 3.05516e+18	9.76e-01	2.41e-02	2.59e-05	0.00e+00	0.00e+00	0.00e+00	0.00e+00	0.00e+00
 3.05646e+18	9.76e-01	2.40e-02	2.58e-05	0.00e+00	0.00e+00	0.00e+00	0.00e+00	0.00e+00
 3.05775e+18	9.76e-01	2.39e-02	2.57e-05	0.00e+00	0.00e+00	0.00e+00	0.00e+00	0.00e+00
 3.05918e+18	9.76e-01	2.37e-02	2.55e-05	0.00e+00	0.00e+00	0.00e+00	0.00e+00	0.00e+00
 3.06075e+18	9.76e-01	2.35e-02	2.54e-05	0.00e+00	0.00e+00	0.00e+00	0.00e+00	0.00e+00
 3.06218e+18	9.77e-01	2.34e-02	2.53e-05	0.00e+00	0.00e+00	0.00e+00	0.00e+00	0.00e+00
 3.06344e+18	9.77e-01	2.34e-02	2.52e-05	0.00e+00	0.00e+00	0.00e+00	0.00e+00	0.00e+00
 3.06487e+18	9.77e-01	2.33e-02	2.51e-05	0.00e+00	0.00e+00	0.00e+00	0.00e+00	0.00e+00
 3.06666e+18	9.77e-01	2.31e-02	2.50e-05	0.00e+00	0.00e+00	0.00e+00	0.00e+00	0.00e+00
 3.06843e+18	9.77e-01	2.30e-02	2.48e-05	0.00e+00	0.00e+00	0.00e+00	0.00e+00	0.00e+00
 3.06986e+18	9.77e-01	2.30e-02	2.48e-05	0.00e+00	0.00e+00	0.00e+00	0.00e+00	0.00e+00
 3.07125e+18	9.77e-01	2.30e-02	2.48e-05	0.00e+00	0.00e+00	0.00e+00	0.00e+00	0.00e+00
 3.07300e+18	9.77e-01	2.29e-02	2.47e-05	0.00e+00	0.00e+00	0.00e+00	0.00e+00	0.00e+00
 3.07499e+18	9.77e-01	2.28e-02	2.46e-05	0.00e+00	0.00e+00	0.00e+00	0.00e+00	0.00e+00
 3.07674e+18	9.77e-01	2.27e-02	2.45e-05	0.00e+00	0.00e+00	0.00e+00	0.00e+00	0.00e+00
 3.07820e+18	9.77e-01	2.28e-02	2.45e-05	0.00e+00	0.00e+00	0.00e+00	0.00e+00	0.00e+00
 3.07986e+18	9.77e-01	2.28e-02	2.45e-05	0.00e+00	0.00e+00	0.00e+00	0.00e+00	0.00e+00
 3.08202e+18	9.77e-01	2.27e-02	2.44e-05	0.00e+00	0.00e+00	0.00e+00	0.00e+00	0.00e+00
 3.08421e+18	9.77e-01	2.26e-02	2.43e-05	0.00e+00	0.00e+00	0.00e+00	0.00e+00	0.00e+00
 3.08591e+18	9.77e-01	2.26e-02	2.43e-05	0.00e+00	0.00e+00	0.00e+00	0.00e+00	0.00e+00
 3.08761e+18	9.77e-01	2.27e-02	2.43e-05	0.00e+00	0.00e+00	0.00e+00	0.00e+00	0.00e+00
 3.08980e+18	9.77e-01	2.27e-02	2.43e-05	0.00e+00	0.00e+00	0.00e+00	0.00e+00	0.00e+00
 3.09250e+18	9.77e-01	2.26e-02	2.42e-05	0.00e+00	0.00e+00	0.00e+00	0.00e+00	0.00e+00
 3.09517e+18	9.77e-01	2.26e-02	2.42e-05	0.00e+00	0.00e+00	0.00e+00	0.00e+00	0.00e+00
 3.09746e+18	9.77e-01	2.27e-02	2.42e-05	0.00e+00	0.00e+00	0.00e+00	0.00e+00	0.00e+00
 3.09991e+18	9.77e-01	2.27e-02	2.42e-05	0.00e+00	0.00e+00	0.00e+00	0.00e+00	0.00e+00
 3.10309e+18	9.77e-01	2.26e-02	2.41e-05	0.00e+00	0.00e+00	0.00e+00	0.00e+00	0.00e+00
 3.10678e+18	9.77e-01	2.26e-02	2.40e-05	0.00e+00	0.00e+00	0.00e+00	0.00e+00	0.00e+00
 3.11018e+18	9.77e-01	2.26e-02	2.40e-05	0.00e+00	0.00e+00	0.00e+00	0.00e+00	0.00e+00
 3.11315e+18	9.77e-01	2.27e-02	2.41e-05	0.00e+00	0.00e+00	0.00e+00	0.00e+00	0.00e+00
 3.11654e+18	9.77e-01	2.27e-02	2.40e-05	0.00e+00	0.00e+00	0.00e+00	0.00e+00	0.00e+00
 3.12094e+18	9.77e-01	2.26e-02	2.39e-05	0.00e+00	0.00e+00	0.00e+00	0.00e+00	0.00e+00
 3.12582e+18	9.78e-01	2.24e-02	2.38e-05	0.00e+00	0.00e+00	0.00e+00	0.00e+00	0.00e+00
 3.13019e+18	9.78e-01	2.24e-02	2.37e-05	0.00e+00	0.00e+00	0.00e+00	0.00e+00	0.00e+00
 3.13451e+18	9.78e-01	2.23e-02	2.36e-05	0.00e+00	0.00e+00	0.00e+00	0.00e+00	0.00e+00
 3.13994e+18	9.78e-01	2.21e-02	2.34e-05	0.00e+00	0.00e+00	0.00e+00	0.00e+00	0.00e+00
 3.14679e+18	9.78e-01	2.17e-02	2.31e-05	0.00e+00	0.00e+00	0.00e+00	0.00e+00	0.00e+00
 3.15416e+18	9.79e-01	2.12e-02	2.27e-05	0.00e+00	0.00e+00	0.00e+00	0.00e+00	0.00e+00
 3.16091e+18	9.79e-01	2.08e-02	2.25e-05	0.00e+00	0.00e+00	0.00e+00	0.00e+00	0.00e+00
 3.16783e+18	9.80e-01	2.04e-02	2.21e-05	0.00e+00	0.00e+00	0.00e+00	0.00e+00	0.00e+00
 3.17653e+18	9.80e-01	1.97e-02	2.16e-05	0.00e+00	0.00e+00	0.00e+00	0.00e+00	0.00e+00
 3.18570e+18	9.81e-01	1.89e-02	2.11e-05	0.00e+00	0.00e+00	0.00e+00	0.00e+00	0.00e+00
 3.19364e+18	9.82e-01	1.83e-02	2.07e-05	0.00e+00	0.00e+00	0.00e+00	0.00e+00	0.00e+00
 3.20138e+18	9.82e-01	1.76e-02	2.02e-05	0.00e+00	0.00e+00	0.00e+00	0.00e+00	0.00e+00
 3.21019e+18	9.83e-01	1.66e-02	1.95e-05	0.00e+00	0.00e+00	0.00e+00	0.00e+00	0.00e+00
 3.21864e+18	9.84e-01	1.56e-02	1.88e-05	0.00e+00	0.00e+00	0.00e+00	0.00e+00	0.00e+00
 3.22519e+18	9.85e-01	1.50e-02	1.84e-05	0.00e+00	0.00e+00	0.00e+00	0.00e+00	0.00e+00
 3.23149e+18	9.86e-01	1.41e-02	1.78e-05	0.00e+00	0.00e+00	0.00e+00	0.00e+00	0.00e+00
 3.23811e+18	9.87e-01	1.28e-02	1.69e-05	0.00e+00	0.00e+00	0.00e+00	0.00e+00	0.00e+00
 3.24317e+18	9.89e-01	1.14e-02	1.60e-05	0.00e+00	0.00e+00	0.00e+00	0.00e+00	0.00e+00
 3.24612e+18	9.89e-01	1.08e-02	1.56e-05	0.00e+00	0.00e+00	0.00e+00	0.00e+00	0.00e+00
 3.24853e+18	9.90e-01	1.03e-02	1.52e-05	0.00e+00	0.00e+00	0.00e+00	0.00e+00	0.00e+00
 3.25112e+18	9.98e-01	1.82e-03	6.08e-06	0.00e+00	0.00e+00	0.00e+00	0.00e+00	0.00e+00
###########################
 2.49362e+14	4.43e-07	1.14e-03	1.45e-01	4.44e-01	2.63e-01	1.44e-01	3.27e-03	1.50e-05
 1.49617e+15	4.41e-07	1.14e-03	1.45e-01	4.45e-01	2.62e-01	1.44e-01	3.26e-03	1.49e-05
 6.48342e+15	4.36e-07	1.15e-03	1.46e-01	4.47e-01	2.61e-01	1.41e-01	3.19e-03	1.45e-05
 2.64324e+16	4.25e-07	1.16e-03	1.53e-01	4.54e-01	2.55e-01	1.34e-01	2.99e-03	1.34e-05
 6.31386e+16	4.22e-07	1.21e-03	1.65e-01	4.67e-01	2.44e-01	1.20e-01	2.54e-03	1.09e-05
 1.04272e+17	4.27e-07	1.24e-03	1.75e-01	4.76e-01	2.35e-01	1.10e-01	2.27e-03	9.36e-06
 1.51162e+17	4.48e-07	1.29e-03	1.86e-01	4.79e-01	2.28e-01	1.03e-01	2.07e-03	8.33e-06
 2.12118e+17	4.91e-07	1.40e-03	2.04e-01	4.84e-01	2.16e-01	9.34e-02	1.82e-03	7.14e-06
 2.80431e+17	5.42e-07	1.53e-03	2.25e-01	4.86e-01	2.02e-01	8.46e-02	1.61e-03	6.18e-06
 3.44709e+17	5.95e-07	1.66e-03	2.46e-01	4.84e-01	1.89e-01	7.79e-02	1.47e-03	5.55e-06
 4.04978e+17	6.65e-07	1.83e-03	2.68e-01	4.79e-01	1.77e-01	7.19e-02	1.34e-03	5.04e-06
 4.62653e+17	7.79e-07	2.08e-03	2.97e-01	4.73e-01	1.62e-01	6.45e-02	1.17e-03	4.32e-06
 5.10707e+17	8.51e-07	2.25e-03	3.17e-01	4.67e-01	1.52e-01	6.03e-02	1.10e-03	4.05e-06
 5.50713e+17	9.29e-07	2.42e-03	3.36e-01	4.61e-01	1.43e-01	5.69e-02	1.04e-03	3.84e-06
 5.96203e+17	1.05e-06	2.66e-03	3.58e-01	4.53e-01	1.33e-01	5.27e-02	9.58e-04	3.54e-06
 6.41882e+17	1.17e-06	2.90e-03	3.81e-01	4.45e-01	1.22e-01	4.86e-02	8.81e-04	3.25e-06
 6.77657e+17	1.27e-06	3.11e-03	3.98e-01	4.37e-01	1.15e-01	4.56e-02	8.24e-04	3.03e-06
 7.08632e+17	1.38e-06	3.32e-03	4.14e-01	4.31e-01	1.08e-01	4.30e-02	7.72e-04	2.84e-06
 7.43519e+17	1.55e-06	3.60e-03	4.33e-01	4.23e-01	1.00e-01	3.97e-02	7.04e-04	2.56e-06
 7.78858e+17	1.73e-06	3.91e-03	4.52e-01	4.15e-01	9.24e-02	3.63e-02	6.33e-04	2.27e-06
 8.06616e+17	1.90e-06	4.18e-03	4.67e-01	4.08e-01	8.67e-02	3.38e-02	5.80e-04	2.05e-06
 8.30442e+17	2.07e-06	4.45e-03	4.79e-01	4.02e-01	8.20e-02	3.16e-02	5.30e-04	1.84e-06
 8.57327e+17	2.34e-06	4.84e-03	4.96e-01	3.93e-01	7.61e-02	2.88e-02	4.68e-04	1.58e-06
 8.84415e+17	2.63e-06	5.25e-03	5.13e-01	3.85e-01	7.05e-02	2.62e-02	4.12e-04	1.35e-06
 9.05827e+17	2.87e-06	5.56e-03	5.25e-01	3.78e-01	6.68e-02	2.45e-02	3.75e-04	1.20e-06
 9.27723e+17	3.24e-06	6.03e-03	5.40e-01	3.69e-01	6.26e-02	2.23e-02	3.29e-04	1.02e-06
 9.50735e+17	3.66e-06	6.54e-03	5.55e-01	3.59e-01	5.83e-02	2.02e-02	2.86e-04	8.54e-07
 9.70442e+17	4.08e-06	7.02e-03	5.68e-01	3.51e-01	5.50e-02	1.86e-02	2.53e-04	0.00e+00
 9.88569e+17	4.54e-06	7.52e-03	5.80e-01	3.43e-01	5.20e-02	1.71e-02	2.24e-04	0.00e+00
 1.00940e+18	5.18e-06	8.19e-03	5.94e-01	3.33e-01	4.87e-02	1.54e-02	1.93e-04	0.00e+00
 1.03194e+18	6.00e-06	8.99e-03	6.10e-01	3.22e-01	4.52e-02	1.38e-02	1.63e-04	0.00e+00
 1.05204e+18	6.86e-06	9.78e-03	6.23e-01	3.12e-01	4.25e-02	1.24e-02	1.40e-04	0.00e+00
 1.07348e+18	8.00e-06	1.07e-02	6.38e-01	3.01e-01	3.97e-02	1.11e-02	1.17e-04	0.00e+00
 1.09708e+18	9.49e-06	1.19e-02	6.54e-01	2.88e-01	3.67e-02	9.68e-03	9.61e-05	0.00e+00
 1.11881e+18	1.12e-05	1.32e-02	6.67e-01	2.77e-01	3.43e-02	8.56e-03	7.97e-05	0.00e+00
 1.13912e+18	1.30e-05	1.45e-02	6.80e-01	2.66e-01	3.23e-02	7.61e-03	6.67e-05	0.00e+00
 1.16226e+18	1.57e-05	1.62e-02	6.94e-01	2.54e-01	3.00e-02	6.62e-03	5.39e-05	0.00e+00
 1.18730e+18	1.91e-05	1.82e-02	7.08e-01	2.40e-01	2.78e-02	5.68e-03	4.27e-05	0.00e+00
 1.20965e+18	2.29e-05	2.03e-02	7.20e-01	2.29e-01	2.61e-02	4.95e-03	3.46e-05	0.00e+00
 1.22647e+18	2.59e-05	2.18e-02	7.27e-01	2.22e-01	2.50e-02	4.51e-03	3.00e-05	0.00e+00
 1.23889e+18	2.86e-05	2.31e-02	7.32e-01	2.16e-01	2.42e-02	4.19e-03	2.68e-05	0.00e+00
 1.25268e+18	3.22e-05	2.48e-02	7.39e-01	2.09e-01	2.33e-02	3.83e-03	2.33e-05	0.00e+00
 1.27061e+18	3.77e-05	2.72e-02	7.47e-01	2.00e-01	2.21e-02	3.39e-03	1.94e-05	0.00e+00
 1.28830e+18	4.41e-05	2.98e-02	7.55e-01	1.91e-01	2.10e-02	3.01e-03	1.61e-05	0.00e+00
 1.30167e+18	4.97e-05	3.20e-02	7.60e-01	1.85e-01	2.03e-02	2.74e-03	1.40e-05	0.00e+00
 1.31503e+18	5.64e-05	3.45e-02	7.66e-01	1.78e-01	1.95e-02	2.49e-03	1.20e-05	0.00e+00
 1.32991e+18	6.51e-05	3.77e-02	7.71e-01	1.70e-01	1.86e-02	2.22e-03	1.01e-05	0.00e+00
 1.34341e+18	7.43e-05	4.07e-02	7.76e-01	1.63e-01	1.79e-02	2.00e-03	8.62e-06	0.00e+00
 1.35529e+18	8.37e-05	4.38e-02	7.80e-01	1.57e-01	1.72e-02	1.82e-03	7.46e-06	0.00e+00
 1.36844e+18	9.63e-05	4.76e-02	7.84e-01	1.50e-01	1.65e-02	1.63e-03	6.29e-06	0.00e+00
 1.38232e+18	1.12e-04	5.22e-02	7.88e-01	1.43e-01	1.57e-02	1.44e-03	5.22e-06	0.00e+00
 1.39395e+18	1.27e-04	5.64e-02	7.90e-01	1.37e-01	1.51e-02	1.30e-03	4.44e-06	0.00e+00
 1.40406e+18	1.44e-04	6.06e-02	7.92e-01	1.31e-01	1.45e-02	1.18e-03	3.83e-06	0.00e+00
 1.41535e+18	1.65e-04	6.60e-02	7.94e-01	1.25e-01	1.39e-02	1.05e-03	3.20e-06	0.00e+00
 1.42737e+18	1.93e-04	7.25e-02	7.96e-01	1.17e-01	1.32e-02	9.17e-04	2.62e-06	0.00e+00
 1.43751e+18	2.21e-04	7.87e-02	7.96e-01	1.11e-01	1.26e-02	8.17e-04	2.20e-06	0.00e+00
 1.44623e+18	2.49e-04	8.47e-02	7.96e-01	1.06e-01	1.21e-02	7.36e-04	1.88e-06	0.00e+00
 1.45593e+18	2.87e-04	9.24e-02	7.95e-01	1.00e-01	1.14e-02	6.48e-04	1.55e-06	0.00e+00
 1.46628e+18	3.37e-04	1.02e-01	7.93e-01	9.34e-02	1.08e-02	5.61e-04	1.26e-06	0.00e+00
 1.47510e+18	3.87e-04	1.11e-01	7.90e-01	8.78e-02	1.02e-02	4.94e-04	1.04e-06	0.00e+00
 1.48276e+18	4.40e-04	1.20e-01	7.87e-01	8.29e-02	9.69e-03	4.39e-04	8.70e-07	0.00e+00
 1.49128e+18	5.11e-04	1.31e-01	7.82e-01	7.71e-02	9.10e-03	3.80e-04	0.00e+00	0.00e+00
 1.50039e+18	6.03e-04	1.45e-01	7.75e-01	7.10e-02	8.46e-03	3.23e-04	0.00e+00	0.00e+00
 1.50818e+18	7.00e-04	1.58e-01	7.67e-01	6.57e-02	7.91e-03	2.79e-04	0.00e+00	0.00e+00
 1.51495e+18	8.02e-04	1.71e-01	7.59e-01	6.11e-02	7.42e-03	2.43e-04	0.00e+00	0.00e+00
 1.52246e+18	9.40e-04	1.88e-01	7.48e-01	5.59e-02	6.85e-03	2.05e-04	0.00e+00	0.00e+00
 1.53054e+18	1.12e-03	2.09e-01	7.33e-01	5.04e-02	6.25e-03	1.70e-04	0.00e+00	0.00e+00
 1.53754e+18	1.32e-03	2.30e-01	7.17e-01	4.57e-02	5.72e-03	1.42e-04	0.00e+00	0.00e+00
 1.54368e+18	1.53e-03	2.50e-01	7.01e-01	4.15e-02	5.24e-03	1.19e-04	0.00e+00	0.00e+00
 1.55053e+18	1.82e-03	2.76e-01	6.80e-01	3.69e-02	4.71e-03	9.70e-05	0.00e+00	0.00e+00
 1.55798e+18	2.21e-03	3.09e-01	6.53e-01	3.20e-02	4.14e-03	7.59e-05	0.00e+00	0.00e+00
 1.56458e+18	2.66e-03	3.42e-01	6.24e-01	2.78e-02	3.63e-03	5.98e-05	0.00e+00	0.00e+00
 1.57034e+18	3.14e-03	3.74e-01	5.96e-01	2.43e-02	3.20e-03	4.76e-05	0.00e+00	0.00e+00
 1.57664e+18	3.79e-03	4.13e-01	5.60e-01	2.06e-02	2.74e-03	3.62e-05	0.00e+00	0.00e+00
 1.58329e+18	4.66e-03	4.59e-01	5.17e-01	1.70e-02	2.27e-03	2.64e-05	0.00e+00	0.00e+00
 1.58881e+18	5.57e-03	5.02e-01	4.77e-01	1.42e-02	1.90e-03	1.97e-05	0.00e+00	0.00e+00
 1.59344e+18	6.52e-03	5.40e-01	4.40e-01	1.20e-02	1.60e-03	1.50e-05	0.00e+00	0.00e+00
 1.59851e+18	7.81e-03	5.86e-01	3.95e-01	9.74e-03	1.29e-03	1.08e-05	0.00e+00	0.00e+00
 1.60396e+18	9.50e-03	6.36e-01	3.46e-01	7.63e-03	9.95e-04	7.32e-06	0.00e+00	0.00e+00
 1.60865e+18	1.13e-02	6.81e-01	3.01e-01	6.04e-03	7.68e-04	5.06e-06	0.00e+00	0.00e+00
 1.61266e+18	1.32e-02	7.20e-01	2.62e-01	4.86e-03	5.98e-04	3.58e-06	0.00e+00	0.00e+00
 1.61619e+18	1.52e-02	7.53e-01	2.27e-01	3.97e-03	4.68e-04	2.59e-06	0.00e+00	0.00e+00
 1.61930e+18	1.73e-02	7.81e-01	1.98e-01	3.28e-03	3.69e-04	1.91e-06	0.00e+00	0.00e+00
 1.62225e+18	1.96e-02	8.07e-01	1.71e-01	2.72e-03	2.88e-04	1.40e-06	0.00e+00	0.00e+00
 1.62515e+18	2.22e-02	8.30e-01	1.45e-01	2.23e-03	2.20e-04	1.01e-06	0.00e+00	0.00e+00
 1.62795e+18	2.53e-02	8.51e-01	1.22e-01	1.84e-03	1.65e-04	7.33e-07	0.00e+00	0.00e+00
 1.63056e+18	2.86e-02	8.68e-01	1.02e-01	1.53e-03	1.24e-04	0.00e+00	0.00e+00	0.00e+00
 1.63303e+18	3.22e-02	8.82e-01	8.42e-02	1.28e-03	9.22e-05	0.00e+00	0.00e+00	0.00e+00
 1.63544e+18	3.65e-02	8.93e-01	6.90e-02	1.07e-03	6.75e-05	0.00e+00	0.00e+00	0.00e+00
 1.63780e+18	4.15e-02	9.02e-01	5.56e-02	9.00e-04	4.84e-05	0.00e+00	0.00e+00	0.00e+00
 1.64012e+18	4.73e-02	9.08e-01	4.41e-02	7.57e-04	3.41e-05	0.00e+00	0.00e+00	0.00e+00
 1.64239e+18	5.43e-02	9.11e-01	3.45e-02	6.38e-04	2.35e-05	0.00e+00	0.00e+00	0.00e+00
 1.64457e+18	6.24e-02	9.10e-01	2.67e-02	5.41e-04	1.61e-05	0.00e+00	0.00e+00	0.00e+00
 1.64655e+18	7.15e-02	9.07e-01	2.07e-02	4.64e-04	1.11e-05	0.00e+00	0.00e+00	0.00e+00
 1.64835e+18	8.13e-02	9.02e-01	1.62e-02	4.03e-04	7.78e-06	0.00e+00	0.00e+00	0.00e+00
 1.64998e+18	9.19e-02	8.95e-01	1.28e-02	3.55e-04	5.57e-06	0.00e+00	0.00e+00	0.00e+00
 1.65142e+18	1.03e-01	8.87e-01	1.04e-02	3.17e-04	4.11e-06	0.00e+00	0.00e+00	0.00e+00
 1.65266e+18	1.13e-01	8.78e-01	8.61e-03	2.87e-04	3.16e-06	0.00e+00	0.00e+00	0.00e+00
 1.65376e+18	1.24e-01	8.69e-01	7.23e-03	2.63e-04	2.48e-06	0.00e+00	0.00e+00	0.00e+00
 1.65478e+18	1.35e-01	8.59e-01	6.13e-03	2.43e-04	1.98e-06	0.00e+00	0.00e+00	0.00e+00
 1.65574e+18	1.46e-01	8.49e-01	5.24e-03	2.24e-04	1.60e-06	0.00e+00	0.00e+00	0.00e+00
 1.65664e+18	1.57e-01	8.38e-01	4.51e-03	2.09e-04	1.31e-06	0.00e+00	0.00e+00	0.00e+00
 1.65734e+18	1.66e-01	8.29e-01	4.04e-03	1.98e-04	1.13e-06	0.00e+00	0.00e+00	0.00e+00
 1.65779e+18	1.72e-01	8.24e-01	3.77e-03	1.92e-04	1.03e-06	0.00e+00	0.00e+00	0.00e+00
 1.65824e+18	1.79e-01	8.18e-01	3.49e-03	1.85e-04	9.29e-07	0.00e+00	0.00e+00	0.00e+00
 1.65879e+18	1.87e-01	8.10e-01	3.19e-03	1.77e-04	0.00e+00	0.00e+00	0.00e+00	0.00e+00
 1.65936e+18	1.96e-01	8.01e-01	2.91e-03	1.69e-04	0.00e+00	0.00e+00	0.00e+00	0.00e+00
 1.65989e+18	2.04e-01	7.93e-01	2.67e-03	1.62e-04	0.00e+00	0.00e+00	0.00e+00	0.00e+00
 1.66038e+18	2.12e-01	7.85e-01	2.48e-03	1.57e-04	0.00e+00	0.00e+00	0.00e+00	0.00e+00
 1.66089e+18	2.21e-01	7.77e-01	2.29e-03	1.50e-04	0.00e+00	0.00e+00	0.00e+00	0.00e+00
 1.66142e+18	2.30e-01	7.68e-01	2.11e-03	1.44e-04	0.00e+00	0.00e+00	0.00e+00	0.00e+00
 1.66195e+18	2.39e-01	7.59e-01	1.95e-03	1.39e-04	0.00e+00	0.00e+00	0.00e+00	0.00e+00
 1.66247e+18	2.49e-01	7.50e-01	1.81e-03	1.34e-04	0.00e+00	0.00e+00	0.00e+00	0.00e+00
 1.66299e+18	2.58e-01	7.40e-01	1.68e-03	1.28e-04	0.00e+00	0.00e+00	0.00e+00	0.00e+00
 1.66353e+18	2.67e-01	7.31e-01	1.56e-03	1.24e-04	0.00e+00	0.00e+00	0.00e+00	0.00e+00
 1.66411e+18	2.78e-01	7.20e-01	1.44e-03	1.19e-04	0.00e+00	0.00e+00	0.00e+00	0.00e+00
 1.66468e+18	2.88e-01	7.10e-01	1.35e-03	1.15e-04	0.00e+00	0.00e+00	0.00e+00	0.00e+00
 1.66523e+18	2.98e-01	7.01e-01	1.26e-03	1.10e-04	0.00e+00	0.00e+00	0.00e+00	0.00e+00
 1.66582e+18	3.08e-01	6.91e-01	1.18e-03	1.07e-04	0.00e+00	0.00e+00	0.00e+00	0.00e+00
 1.66645e+18	3.19e-01	6.80e-01	1.10e-03	1.02e-04	0.00e+00	0.00e+00	0.00e+00	0.00e+00
 1.66712e+18	3.30e-01	6.69e-01	1.04e-03	9.86e-05	0.00e+00	0.00e+00	0.00e+00	0.00e+00
 1.66780e+18	3.40e-01	6.59e-01	9.77e-04	9.53e-05	0.00e+00	0.00e+00	0.00e+00	0.00e+00
 1.66853e+18	3.51e-01	6.48e-01	9.21e-04	9.18e-05	0.00e+00	0.00e+00	0.00e+00	0.00e+00
 1.66930e+18	3.61e-01	6.38e-01	8.76e-04	8.90e-05	0.00e+00	0.00e+00	0.00e+00	0.00e+00
 1.67007e+18	3.71e-01	6.28e-01	8.34e-04	8.61e-05	0.00e+00	0.00e+00	0.00e+00	0.00e+00
 1.67088e+18	3.79e-01	6.20e-01	8.00e-04	8.39e-05	0.00e+00	0.00e+00	0.00e+00	0.00e+00
 1.67177e+18	3.88e-01	6.11e-01	7.68e-04	8.14e-05	0.00e+00	0.00e+00	0.00e+00	0.00e+00
 1.67286e+18	3.97e-01	6.02e-01	7.38e-04	7.92e-05	0.00e+00	0.00e+00	0.00e+00	0.00e+00
 1.67415e+18	4.06e-01	5.93e-01	7.09e-04	7.69e-05	0.00e+00	0.00e+00	0.00e+00	0.00e+00
 1.67547e+18	4.13e-01	5.87e-01	6.90e-04	7.53e-05	0.00e+00	0.00e+00	0.00e+00	0.00e+00
 1.67676e+18	4.18e-01	5.82e-01	6.75e-04	7.40e-05	0.00e+00	0.00e+00	0.00e+00	0.00e+00
 1.67802e+18	4.22e-01	5.78e-01	6.65e-04	7.31e-05	0.00e+00	0.00e+00	0.00e+00	0.00e+00
 1.67927e+18	4.25e-01	5.75e-01	6.57e-04	7.23e-05	0.00e+00	0.00e+00	0.00e+00	0.00e+00
 1.68049e+18	4.27e-01	5.72e-01	6.51e-04	7.18e-05	0.00e+00	0.00e+00	0.00e+00	0.00e+00
 1.68190e+18	4.29e-01	5.70e-01	6.45e-04	7.12e-05	0.00e+00	0.00e+00	0.00e+00	0.00e+00
 1.68373e+18	4.32e-01	5.67e-01	6.39e-04	7.06e-05	0.00e+00	0.00e+00	0.00e+00	0.00e+00
 1.68610e+18	4.36e-01	5.64e-01	6.30e-04	6.98e-05	0.00e+00	0.00e+00	0.00e+00	0.00e+00
 1.68919e+18	4.39e-01	5.61e-01	6.22e-04	6.91e-05	0.00e+00	0.00e+00	0.00e+00	0.00e+00
 1.69320e+18	4.43e-01	5.56e-01	6.11e-04	6.81e-05	0.00e+00	0.00e+00	0.00e+00	0.00e+00
 1.69842e+18	4.49e-01	5.51e-01	5.98e-04	6.68e-05	0.00e+00	0.00e+00	0.00e+00	0.00e+00
 1.70520e+18	4.55e-01	5.44e-01	5.84e-04	6.54e-05	0.00e+00	0.00e+00	0.00e+00	0.00e+00
 1.71401e+18	4.64e-01	5.36e-01	5.65e-04	6.35e-05	0.00e+00	0.00e+00	0.00e+00	0.00e+00
 1.72548e+18	4.74e-01	5.25e-01	5.45e-04	6.12e-05	0.00e+00	0.00e+00	0.00e+00	0.00e+00
 1.74037e+18	4.87e-01	5.13e-01	5.19e-04	5.83e-05	0.00e+00	0.00e+00	0.00e+00	0.00e+00
 1.75974e+18	5.04e-01	4.96e-01	4.90e-04	5.48e-05	0.00e+00	0.00e+00	0.00e+00	0.00e+00
 1.78316e+18	5.23e-01	4.77e-01	4.69e-04	5.10e-05	0.00e+00	0.00e+00	0.00e+00	0.00e+00
 1.80711e+18	5.41e-01	4.59e-01	4.43e-04	4.76e-05	0.00e+00	0.00e+00	0.00e+00	0.00e+00
 1.83039e+18	5.57e-01	4.42e-01	4.22e-04	4.44e-05	0.00e+00	0.00e+00	0.00e+00	0.00e+00
 1.85533e+18	5.68e-01	4.31e-01	4.00e-04	4.19e-05	0.00e+00	0.00e+00	0.00e+00	0.00e+00
 1.88273e+18	5.86e-01	4.13e-01	3.78e-04	3.88e-05	0.00e+00	0.00e+00	0.00e+00	0.00e+00
 1.91096e+18	6.04e-01	3.96e-01	3.59e-04	3.58e-05	0.00e+00	0.00e+00	0.00e+00	0.00e+00
 1.93915e+18	6.21e-01	3.79e-01	3.40e-04	3.30e-05	0.00e+00	0.00e+00	0.00e+00	0.00e+00
 1.96923e+18	6.38e-01	3.61e-01	3.21e-04	3.04e-05	0.00e+00	0.00e+00	0.00e+00	0.00e+00
