#depth	O  1	O  2	O  3	O  4	O  5	O  6	O  7	O  8	O  9	O1	O1*	O1**
 1.46527e+13	1.86e-02	5.93e-01	3.77e-01	1.15e-02	1.73e-04	2.46e-07	0.00e+00	0.00e+00	0.00e+00	1.78e-02	4.10e-04	4.13e-04
 8.79164e+13	1.86e-02	5.93e-01	3.77e-01	1.14e-02	1.73e-04	0.00e+00	0.00e+00	0.00e+00	0.00e+00	1.77e-02	4.10e-04	4.13e-04
 3.80971e+14	1.84e-02	5.90e-01	3.80e-01	1.15e-02	1.72e-04	0.00e+00	0.00e+00	0.00e+00	0.00e+00	1.76e-02	4.07e-04	4.11e-04
 1.55319e+15	1.83e-02	5.84e-01	3.86e-01	1.13e-02	1.68e-04	0.00e+00	0.00e+00	0.00e+00	0.00e+00	1.75e-02	4.05e-04	4.08e-04
 3.71007e+15	1.74e-02	5.70e-01	4.01e-01	1.14e-02	1.64e-04	0.00e+00	0.00e+00	0.00e+00	0.00e+00	1.67e-02	3.89e-04	3.93e-04
 6.51402e+15	1.72e-02	5.64e-01	4.08e-01	1.09e-02	1.52e-04	0.00e+00	0.00e+00	0.00e+00	0.00e+00	1.65e-02	3.87e-04	3.90e-04
 1.01592e+16	1.76e-02	5.65e-01	4.07e-01	9.87e-03	1.35e-04	0.00e+00	0.00e+00	0.00e+00	0.00e+00	1.68e-02	3.98e-04	4.01e-04
 1.48978e+16	1.90e-02	5.78e-01	3.95e-01	8.33e-03	1.11e-04	0.00e+00	0.00e+00	0.00e+00	0.00e+00	1.81e-02	4.30e-04	4.33e-04
 2.02603e+16	2.11e-02	5.97e-01	3.75e-01	6.71e-03	8.88e-05	0.00e+00	0.00e+00	0.00e+00	0.00e+00	2.02e-02	4.79e-04	4.83e-04
 2.54371e+16	2.42e-02	6.22e-01	3.49e-01	5.25e-03	6.97e-05	0.00e+00	0.00e+00	0.00e+00	0.00e+00	2.31e-02	5.47e-04	5.51e-04
 3.07968e+16	2.88e-02	6.54e-01	3.13e-01	3.86e-03	5.23e-05	0.00e+00	0.00e+00	0.00e+00	0.00e+00	2.75e-02	6.48e-04	6.52e-04
 3.68519e+16	3.58e-02	6.93e-01	2.69e-01	2.60e-03	3.66e-05	0.00e+00	0.00e+00	0.00e+00	0.00e+00	3.42e-02	8.03e-04	8.07e-04
 4.26349e+16	4.46e-02	7.26e-01	2.27e-01	1.73e-03	2.60e-05	0.00e+00	0.00e+00	0.00e+00	0.00e+00	4.26e-02	9.89e-04	9.94e-04
 4.73594e+16	5.41e-02	7.52e-01	1.92e-01	1.19e-03	1.91e-05	0.00e+00	0.00e+00	0.00e+00	0.00e+00	5.17e-02	1.19e-03	1.20e-03
 5.14859e+16	6.46e-02	7.72e-01	1.63e-01	8.30e-04	1.42e-05	0.00e+00	0.00e+00	0.00e+00	0.00e+00	6.17e-02	1.41e-03	1.41e-03
 5.54493e+16	7.71e-02	7.86e-01	1.36e-01	5.70e-04	1.06e-05	0.00e+00	0.00e+00	0.00e+00	0.00e+00	7.37e-02	1.67e-03	1.67e-03
 5.92931e+16	9.20e-02	7.96e-01	1.12e-01	3.84e-04	7.74e-06	0.00e+00	0.00e+00	0.00e+00	0.00e+00	8.81e-02	1.97e-03	1.98e-03
 6.28983e+16	1.09e-01	7.99e-01	9.10e-02	2.56e-04	5.64e-06	0.00e+00	0.00e+00	0.00e+00	0.00e+00	1.05e-01	2.32e-03	2.33e-03
 6.63304e+16	1.30e-01	7.97e-01	7.31e-02	1.69e-04	4.07e-06	0.00e+00	0.00e+00	0.00e+00	0.00e+00	1.24e-01	2.72e-03	2.74e-03
 6.96240e+16	1.53e-01	7.89e-01	5.79e-02	1.10e-04	2.90e-06	0.00e+00	0.00e+00	0.00e+00	0.00e+00	1.47e-01	3.19e-03	3.21e-03
 7.25844e+16	1.79e-01	7.75e-01	4.59e-02	7.27e-05	2.07e-06	0.00e+00	0.00e+00	0.00e+00	0.00e+00	1.71e-01	3.68e-03	3.71e-03
 7.51365e+16	2.05e-01	7.58e-01	3.68e-02	4.96e-05	1.52e-06	0.00e+00	0.00e+00	0.00e+00	0.00e+00	1.96e-01	4.18e-03	4.21e-03
 7.73912e+16	2.31e-01	7.39e-01	2.97e-02	3.45e-05	1.12e-06	0.00e+00	0.00e+00	0.00e+00	0.00e+00	2.22e-01	4.69e-03	4.73e-03
 7.94701e+16	2.59e-01	7.17e-01	2.41e-02	2.44e-05	8.35e-07	0.00e+00	0.00e+00	0.00e+00	0.00e+00	2.49e-01	5.20e-03	5.25e-03
 8.14367e+16	2.88e-01	6.92e-01	1.94e-02	1.74e-05	0.00e+00	0.00e+00	0.00e+00	0.00e+00	0.00e+00	2.77e-01	5.73e-03	5.78e-03
 8.33084e+16	3.19e-01	6.66e-01	1.56e-02	1.24e-05	0.00e+00	0.00e+00	0.00e+00	0.00e+00	0.00e+00	3.06e-01	6.26e-03	6.33e-03
 8.50759e+16	3.50e-01	6.38e-01	1.26e-02	9.02e-06	0.00e+00	0.00e+00	0.00e+00	0.00e+00	0.00e+00	3.36e-01	6.80e-03	6.88e-03
 8.67481e+16	3.81e-01	6.09e-01	1.02e-02	6.63e-06	0.00e+00	0.00e+00	0.00e+00	0.00e+00	0.00e+00	3.66e-01	7.31e-03	7.40e-03
 8.83574e+16	4.12e-01	5.79e-01	8.19e-03	4.92e-06	0.00e+00	0.00e+00	0.00e+00	0.00e+00	0.00e+00	3.97e-01	7.81e-03	7.92e-03
 8.99060e+16	4.44e-01	5.50e-01	6.60e-03	3.70e-06	0.00e+00	0.00e+00	0.00e+00	0.00e+00	0.00e+00	4.27e-01	8.28e-03	8.41e-03
 9.13407e+16	4.73e-01	5.22e-01	5.37e-03	2.85e-06	0.00e+00	0.00e+00	0.00e+00	0.00e+00	0.00e+00	4.56e-01	8.71e-03	8.86e-03
 9.26349e+16	5.00e-01	4.96e-01	4.43e-03	2.26e-06	0.00e+00	0.00e+00	0.00e+00	0.00e+00	0.00e+00	4.81e-01	9.08e-03	9.24e-03
 9.38330e+16	5.24e-01	4.72e-01	3.70e-03	1.83e-06	0.00e+00	0.00e+00	0.00e+00	0.00e+00	0.00e+00	5.05e-01	9.40e-03	9.58e-03
 9.49754e+16	5.47e-01	4.50e-01	3.11e-03	1.50e-06	0.00e+00	0.00e+00	0.00e+00	0.00e+00	0.00e+00	5.28e-01	9.69e-03	9.88e-03
 9.60774e+16	5.69e-01	4.28e-01	2.62e-03	1.25e-06	0.00e+00	0.00e+00	0.00e+00	0.00e+00	0.00e+00	5.49e-01	9.95e-03	1.02e-02
 9.71512e+16	5.90e-01	4.07e-01	2.21e-03	1.05e-06	0.00e+00	0.00e+00	0.00e+00	0.00e+00	0.00e+00	5.70e-01	1.02e-02	1.04e-02
 9.80046e+16	6.06e-01	3.92e-01	1.94e-03	9.23e-07	0.00e+00	0.00e+00	0.00e+00	0.00e+00	0.00e+00	5.85e-01	1.03e-02	1.06e-02
 9.85869e+16	6.16e-01	3.82e-01	1.77e-03	0.00e+00	0.00e+00	0.00e+00	0.00e+00	0.00e+00	0.00e+00	5.95e-01	1.04e-02	1.07e-02
 9.91540e+16	6.26e-01	3.72e-01	1.62e-03	0.00e+00	0.00e+00	0.00e+00	0.00e+00	0.00e+00	0.00e+00	6.05e-01	1.05e-02	1.08e-02
 9.98324e+16	6.39e-01	3.60e-01	1.45e-03	0.00e+00	0.00e+00	0.00e+00	0.00e+00	0.00e+00	0.00e+00	6.17e-01	1.07e-02	1.09e-02
 1.00563e+17	6.52e-01	3.47e-01	1.28e-03	0.00e+00	0.00e+00	0.00e+00	0.00e+00	0.00e+00	0.00e+00	6.30e-01	1.08e-02	1.11e-02
 1.01256e+17	6.63e-01	3.36e-01	1.15e-03	0.00e+00	0.00e+00	0.00e+00	0.00e+00	0.00e+00	0.00e+00	6.41e-01	1.09e-02	1.11e-02
 1.01921e+17	6.75e-01	3.24e-01	1.03e-03	0.00e+00	0.00e+00	0.00e+00	0.00e+00	0.00e+00	0.00e+00	6.52e-01	1.10e-02	1.13e-02
 1.02592e+17	6.85e-01	3.14e-01	9.20e-04	0.00e+00	0.00e+00	0.00e+00	0.00e+00	0.00e+00	0.00e+00	6.63e-01	1.10e-02	1.13e-02
 1.03278e+17	6.96e-01	3.03e-01	8.25e-04	0.00e+00	0.00e+00	0.00e+00	0.00e+00	0.00e+00	0.00e+00	6.73e-01	1.11e-02	1.14e-02
 1.03993e+17	7.08e-01	2.92e-01	7.28e-04	0.00e+00	0.00e+00	0.00e+00	0.00e+00	0.00e+00	0.00e+00	6.85e-01	1.12e-02	1.15e-02
 1.04700e+17	7.18e-01	2.82e-01	6.51e-04	0.00e+00	0.00e+00	0.00e+00	0.00e+00	0.00e+00	0.00e+00	6.95e-01	1.12e-02	1.16e-02
 1.05395e+17	7.28e-01	2.71e-01	5.78e-04	0.00e+00	0.00e+00	0.00e+00	0.00e+00	0.00e+00	0.00e+00	7.05e-01	1.13e-02	1.16e-02
 1.06099e+17	7.38e-01	2.62e-01	5.17e-04	0.00e+00	0.00e+00	0.00e+00	0.00e+00	0.00e+00	0.00e+00	7.15e-01	1.13e-02	1.17e-02
 1.06829e+17	7.48e-01	2.51e-01	4.55e-04	0.00e+00	0.00e+00	0.00e+00	0.00e+00	0.00e+00	0.00e+00	7.25e-01	1.14e-02	1.18e-02
 1.07566e+17	7.57e-01	2.42e-01	4.05e-04	0.00e+00	0.00e+00	0.00e+00	0.00e+00	0.00e+00	0.00e+00	7.34e-01	1.14e-02	1.18e-02
 1.08296e+17	7.67e-01	2.33e-01	3.58e-04	0.00e+00	0.00e+00	0.00e+00	0.00e+00	0.00e+00	0.00e+00	7.44e-01	1.15e-02	1.18e-02
 1.09033e+17	7.75e-01	2.24e-01	3.19e-04	0.00e+00	0.00e+00	0.00e+00	0.00e+00	0.00e+00	0.00e+00	7.52e-01	1.15e-02	1.18e-02
 1.09793e+17	7.84e-01	2.15e-01	2.80e-04	0.00e+00	0.00e+00	0.00e+00	0.00e+00	0.00e+00	0.00e+00	7.61e-01	1.15e-02	1.19e-02
 1.10568e+17	7.93e-01	2.07e-01	2.48e-04	0.00e+00	0.00e+00	0.00e+00	0.00e+00	0.00e+00	0.00e+00	7.70e-01	1.15e-02	1.19e-02
 1.11329e+17	8.01e-01	1.99e-01	2.20e-04	0.00e+00	0.00e+00	0.00e+00	0.00e+00	0.00e+00	0.00e+00	7.77e-01	1.15e-02	1.19e-02
 1.12118e+17	8.09e-01	1.91e-01	1.95e-04	0.00e+00	0.00e+00	0.00e+00	0.00e+00	0.00e+00	0.00e+00	7.85e-01	1.15e-02	1.19e-02
 1.12938e+17	8.17e-01	1.83e-01	1.71e-04	0.00e+00	0.00e+00	0.00e+00	0.00e+00	0.00e+00	0.00e+00	7.93e-01	1.15e-02	1.20e-02
 1.13764e+17	8.24e-01	1.76e-01	1.52e-04	0.00e+00	0.00e+00	0.00e+00	0.00e+00	0.00e+00	0.00e+00	8.00e-01	1.15e-02	1.20e-02
 1.14610e+17	8.31e-01	1.69e-01	1.34e-04	0.00e+00	0.00e+00	0.00e+00	0.00e+00	0.00e+00	0.00e+00	8.07e-01	1.15e-02	1.20e-02
 1.15474e+17	8.37e-01	1.62e-01	1.19e-04	0.00e+00	0.00e+00	0.00e+00	0.00e+00	0.00e+00	0.00e+00	8.14e-01	1.15e-02	1.20e-02
 1.16346e+17	8.44e-01	1.56e-01	1.05e-04	0.00e+00	0.00e+00	0.00e+00	0.00e+00	0.00e+00	0.00e+00	8.21e-01	1.15e-02	1.20e-02
 1.17243e+17	8.50e-01	1.50e-01	9.31e-05	0.00e+00	0.00e+00	0.00e+00	0.00e+00	0.00e+00	0.00e+00	8.27e-01	1.15e-02	1.19e-02
 1.18163e+17	8.56e-01	1.44e-01	8.24e-05	0.00e+00	0.00e+00	0.00e+00	0.00e+00	0.00e+00	0.00e+00	8.33e-01	1.15e-02	1.20e-02
 1.19116e+17	8.61e-01	1.38e-01	7.36e-05	0.00e+00	0.00e+00	0.00e+00	0.00e+00	0.00e+00	0.00e+00	8.38e-01	1.15e-02	1.19e-02
 1.20112e+17	8.66e-01	1.33e-01	6.55e-05	0.00e+00	0.00e+00	0.00e+00	0.00e+00	0.00e+00	0.00e+00	8.43e-01	1.15e-02	1.19e-02
 1.21092e+17	8.71e-01	1.29e-01	5.89e-05	0.00e+00	0.00e+00	0.00e+00	0.00e+00	0.00e+00	0.00e+00	8.48e-01	1.15e-02	1.19e-02
 1.22089e+17	8.76e-01	1.24e-01	5.25e-05	0.00e+00	0.00e+00	0.00e+00	0.00e+00	0.00e+00	0.00e+00	8.53e-01	1.15e-02	1.19e-02
 1.23189e+17	8.80e-01	1.19e-01	4.73e-05	0.00e+00	0.00e+00	0.00e+00	0.00e+00	0.00e+00	0.00e+00	8.57e-01	1.15e-02	1.19e-02
 1.24300e+17	8.86e-01	1.14e-01	4.22e-05	0.00e+00	0.00e+00	0.00e+00	0.00e+00	0.00e+00	0.00e+00	8.62e-01	1.15e-02	1.19e-02
 1.25401e+17	8.89e-01	1.11e-01	3.84e-05	0.00e+00	0.00e+00	0.00e+00	0.00e+00	0.00e+00	0.00e+00	8.66e-01	1.15e-02	1.19e-02
 1.26592e+17	8.93e-01	1.07e-01	3.47e-05	0.00e+00	0.00e+00	0.00e+00	0.00e+00	0.00e+00	0.00e+00	8.69e-01	1.15e-02	1.19e-02
 1.27950e+17	8.97e-01	1.03e-01	3.13e-05	0.00e+00	0.00e+00	0.00e+00	0.00e+00	0.00e+00	0.00e+00	8.73e-01	1.15e-02	1.19e-02
 1.29433e+17	9.00e-01	9.95e-02	2.82e-05	0.00e+00	0.00e+00	0.00e+00	0.00e+00	0.00e+00	0.00e+00	8.77e-01	1.15e-02	1.19e-02
 1.30895e+17	9.04e-01	9.58e-02	2.55e-05	0.00e+00	0.00e+00	0.00e+00	0.00e+00	0.00e+00	0.00e+00	8.81e-01	1.15e-02	1.19e-02
 1.32410e+17	9.07e-01	9.30e-02	2.34e-05	0.00e+00	0.00e+00	0.00e+00	0.00e+00	0.00e+00	0.00e+00	8.84e-01	1.15e-02	1.19e-02
 1.34126e+17	9.10e-01	8.95e-02	2.12e-05	0.00e+00	0.00e+00	0.00e+00	0.00e+00	0.00e+00	0.00e+00	8.87e-01	1.15e-02	1.19e-02
 1.35976e+17	9.14e-01	8.62e-02	1.92e-05	0.00e+00	0.00e+00	0.00e+00	0.00e+00	0.00e+00	0.00e+00	8.90e-01	1.16e-02	1.19e-02
 1.37845e+17	9.16e-01	8.38e-02	1.77e-05	0.00e+00	0.00e+00	0.00e+00	0.00e+00	0.00e+00	0.00e+00	8.93e-01	1.16e-02	1.19e-02
 1.39715e+17	9.19e-01	8.09e-02	1.62e-05	0.00e+00	0.00e+00	0.00e+00	0.00e+00	0.00e+00	0.00e+00	8.96e-01	1.16e-02	1.19e-02
 1.41590e+17	9.21e-01	7.88e-02	1.51e-05	0.00e+00	0.00e+00	0.00e+00	0.00e+00	0.00e+00	0.00e+00	8.98e-01	1.16e-02	1.20e-02
 1.43531e+17	9.24e-01	7.61e-02	1.39e-05	0.00e+00	0.00e+00	0.00e+00	0.00e+00	0.00e+00	0.00e+00	9.00e-01	1.17e-02	1.20e-02
 1.45479e+17	9.26e-01	7.41e-02	1.30e-05	0.00e+00	0.00e+00	0.00e+00	0.00e+00	0.00e+00	0.00e+00	9.02e-01	1.17e-02	1.20e-02
 1.47382e+17	9.28e-01	7.16e-02	1.21e-05	0.00e+00	0.00e+00	0.00e+00	0.00e+00	0.00e+00	0.00e+00	9.05e-01	1.17e-02	1.20e-02
 1.49231e+17	9.30e-01	6.99e-02	1.14e-05	0.00e+00	0.00e+00	0.00e+00	0.00e+00	0.00e+00	0.00e+00	9.06e-01	1.18e-02	1.20e-02
 1.51003e+17	9.32e-01	6.80e-02	1.07e-05	0.00e+00	0.00e+00	0.00e+00	0.00e+00	0.00e+00	0.00e+00	9.08e-01	1.18e-02	1.20e-02
 1.52741e+17	9.34e-01	6.62e-02	1.01e-05	0.00e+00	0.00e+00	0.00e+00	0.00e+00	0.00e+00	0.00e+00	9.10e-01	1.18e-02	1.20e-02
 1.54414e+17	9.35e-01	6.46e-02	9.54e-06	0.00e+00	0.00e+00	0.00e+00	0.00e+00	0.00e+00	0.00e+00	9.12e-01	1.19e-02	1.20e-02
 1.56030e+17	9.37e-01	6.30e-02	9.05e-06	0.00e+00	0.00e+00	0.00e+00	0.00e+00	0.00e+00	0.00e+00	9.13e-01	1.19e-02	1.20e-02
 1.57586e+17	9.39e-01	6.14e-02	8.60e-06	0.00e+00	0.00e+00	0.00e+00	0.00e+00	0.00e+00	0.00e+00	9.15e-01	1.19e-02	1.20e-02
 1.59049e+17	9.40e-01	6.00e-02	8.21e-06	0.00e+00	0.00e+00	0.00e+00	0.00e+00	0.00e+00	0.00e+00	9.16e-01	1.19e-02	1.20e-02
 1.60459e+17	9.42e-01	5.81e-02	7.79e-06	0.00e+00	0.00e+00	0.00e+00	0.00e+00	0.00e+00	0.00e+00	9.18e-01	1.20e-02	1.20e-02
 1.61806e+17	9.43e-01	5.72e-02	7.52e-06	0.00e+00	0.00e+00	0.00e+00	0.00e+00	0.00e+00	0.00e+00	9.19e-01	1.20e-02	1.20e-02
 1.63093e+17	9.44e-01	5.61e-02	7.22e-06	0.00e+00	0.00e+00	0.00e+00	0.00e+00	0.00e+00	0.00e+00	9.20e-01	1.20e-02	1.20e-02
 1.64393e+17	9.45e-01	5.48e-02	6.92e-06	0.00e+00	0.00e+00	0.00e+00	0.00e+00	0.00e+00	0.00e+00	9.21e-01	1.21e-02	1.20e-02
 1.65638e+17	9.47e-01	5.35e-02	6.65e-06	0.00e+00	0.00e+00	0.00e+00	0.00e+00	0.00e+00	0.00e+00	9.22e-01	1.21e-02	1.20e-02
 1.66786e+17	9.47e-01	5.25e-02	6.43e-06	0.00e+00	0.00e+00	0.00e+00	0.00e+00	0.00e+00	0.00e+00	9.23e-01	1.22e-02	1.20e-02
 1.67891e+17	9.49e-01	5.10e-02	6.16e-06	0.00e+00	0.00e+00	0.00e+00	0.00e+00	0.00e+00	0.00e+00	9.25e-01	1.22e-02	1.20e-02
 1.68961e+17	9.50e-01	5.04e-02	6.00e-06	0.00e+00	0.00e+00	0.00e+00	0.00e+00	0.00e+00	0.00e+00	9.25e-01	1.22e-02	1.20e-02
 1.69985e+17	9.51e-01	4.93e-02	5.82e-06	0.00e+00	0.00e+00	0.00e+00	0.00e+00	0.00e+00	0.00e+00	9.27e-01	1.22e-02	1.20e-02
 1.71058e+17	9.52e-01	4.81e-02	5.59e-06	0.00e+00	0.00e+00	0.00e+00	0.00e+00	0.00e+00	0.00e+00	9.28e-01	1.23e-02	1.20e-02
 1.72070e+17	9.53e-01	4.73e-02	5.43e-06	0.00e+00	0.00e+00	0.00e+00	0.00e+00	0.00e+00	0.00e+00	9.28e-01	1.23e-02	1.20e-02
 1.72896e+17	9.53e-01	4.66e-02	5.29e-06	0.00e+00	0.00e+00	0.00e+00	0.00e+00	0.00e+00	0.00e+00	9.29e-01	1.24e-02	1.20e-02
 1.73695e+17	9.54e-01	4.57e-02	5.16e-06	0.00e+00	0.00e+00	0.00e+00	0.00e+00	0.00e+00	0.00e+00	9.30e-01	1.24e-02	1.20e-02
 1.74617e+17	9.55e-01	4.47e-02	4.99e-06	0.00e+00	0.00e+00	0.00e+00	0.00e+00	0.00e+00	0.00e+00	9.31e-01	1.24e-02	1.20e-02
 1.75518e+17	9.56e-01	4.37e-02	4.84e-06	0.00e+00	0.00e+00	0.00e+00	0.00e+00	0.00e+00	0.00e+00	9.32e-01	1.25e-02	1.20e-02
 1.76241e+17	9.57e-01	4.32e-02	4.74e-06	0.00e+00	0.00e+00	0.00e+00	0.00e+00	0.00e+00	0.00e+00	9.32e-01	1.25e-02	1.20e-02
 1.76962e+17	9.58e-01	4.24e-02	4.62e-06	0.00e+00	0.00e+00	0.00e+00	0.00e+00	0.00e+00	0.00e+00	9.33e-01	1.26e-02	1.20e-02
 1.77678e+17	9.58e-01	4.17e-02	4.52e-06	0.00e+00	0.00e+00	0.00e+00	0.00e+00	0.00e+00	0.00e+00	9.34e-01	1.26e-02	1.20e-02
 1.78376e+17	9.59e-01	4.09e-02	4.40e-06	0.00e+00	0.00e+00	0.00e+00	0.00e+00	0.00e+00	0.00e+00	9.34e-01	1.26e-02	1.20e-02
 1.79035e+17	9.60e-01	4.02e-02	4.29e-06	0.00e+00	0.00e+00	0.00e+00	0.00e+00	0.00e+00	0.00e+00	9.35e-01	1.27e-02	1.21e-02
 1.79579e+17	9.60e-01	3.98e-02	4.23e-06	0.00e+00	0.00e+00	0.00e+00	0.00e+00	0.00e+00	0.00e+00	9.35e-01	1.27e-02	1.20e-02
 1.80156e+17	9.61e-01	3.92e-02	4.13e-06	0.00e+00	0.00e+00	0.00e+00	0.00e+00	0.00e+00	0.00e+00	9.36e-01	1.28e-02	1.21e-02
 1.80757e+17	9.61e-01	3.87e-02	4.06e-06	0.00e+00	0.00e+00	0.00e+00	0.00e+00	0.00e+00	0.00e+00	9.37e-01	1.28e-02	1.20e-02
 1.81312e+17	9.62e-01	3.78e-02	3.95e-06	0.00e+00	0.00e+00	0.00e+00	0.00e+00	0.00e+00	0.00e+00	9.37e-01	1.28e-02	1.21e-02
 1.81803e+17	9.63e-01	3.74e-02	3.88e-06	0.00e+00	0.00e+00	0.00e+00	0.00e+00	0.00e+00	0.00e+00	9.38e-01	1.29e-02	1.21e-02
 1.82294e+17	9.63e-01	3.72e-02	3.85e-06	0.00e+00	0.00e+00	0.00e+00	0.00e+00	0.00e+00	0.00e+00	9.38e-01	1.29e-02	1.21e-02
 1.82931e+17	9.64e-01	3.62e-02	3.74e-06	0.00e+00	0.00e+00	0.00e+00	0.00e+00	0.00e+00	0.00e+00	9.39e-01	1.29e-02	1.21e-02
 1.83556e+17	9.65e-01	3.54e-02	3.64e-06	0.00e+00	0.00e+00	0.00e+00	0.00e+00	0.00e+00	0.00e+00	9.39e-01	1.30e-02	1.21e-02
 1.84003e+17	9.65e-01	3.51e-02	3.60e-06	0.00e+00	0.00e+00	0.00e+00	0.00e+00	0.00e+00	0.00e+00	9.40e-01	1.30e-02	1.21e-02
 1.84398e+17	9.65e-01	3.49e-02	3.56e-06	0.00e+00	0.00e+00	0.00e+00	0.00e+00	0.00e+00	0.00e+00	9.40e-01	1.30e-02	1.21e-02
 1.84885e+17	9.66e-01	3.40e-02	3.46e-06	0.00e+00	0.00e+00	0.00e+00	0.00e+00	0.00e+00	0.00e+00	9.41e-01	1.31e-02	1.21e-02
 1.85341e+17	9.67e-01	3.33e-02	3.38e-06	0.00e+00	0.00e+00	0.00e+00	0.00e+00	0.00e+00	0.00e+00	9.41e-01	1.31e-02	1.21e-02
 1.85653e+17	9.67e-01	3.33e-02	3.36e-06	0.00e+00	0.00e+00	0.00e+00	0.00e+00	0.00e+00	0.00e+00	9.41e-01	1.32e-02	1.21e-02
 1.85949e+17	9.67e-01	3.29e-02	3.32e-06	0.00e+00	0.00e+00	0.00e+00	0.00e+00	0.00e+00	0.00e+00	9.42e-01	1.32e-02	1.21e-02
 1.86330e+17	9.68e-01	3.24e-02	3.25e-06	0.00e+00	0.00e+00	0.00e+00	0.00e+00	0.00e+00	0.00e+00	9.42e-01	1.32e-02	1.22e-02
 1.86688e+17	9.68e-01	3.16e-02	3.17e-06	0.00e+00	0.00e+00	0.00e+00	0.00e+00	0.00e+00	0.00e+00	9.43e-01	1.33e-02	1.22e-02
 1.86932e+17	9.69e-01	3.14e-02	3.15e-06	0.00e+00	0.00e+00	0.00e+00	0.00e+00	0.00e+00	0.00e+00	9.43e-01	1.33e-02	1.22e-02
 1.87162e+17	9.69e-01	3.14e-02	3.13e-06	0.00e+00	0.00e+00	0.00e+00	0.00e+00	0.00e+00	0.00e+00	9.43e-01	1.33e-02	1.22e-02
 1.87460e+17	9.69e-01	3.07e-02	3.06e-06	0.00e+00	0.00e+00	0.00e+00	0.00e+00	0.00e+00	0.00e+00	9.44e-01	1.34e-02	1.22e-02
 1.87752e+17	9.70e-01	3.02e-02	3.00e-06	0.00e+00	0.00e+00	0.00e+00	0.00e+00	0.00e+00	0.00e+00	9.44e-01	1.34e-02	1.22e-02
 1.87966e+17	9.70e-01	3.01e-02	2.98e-06	0.00e+00	0.00e+00	0.00e+00	0.00e+00	0.00e+00	0.00e+00	9.44e-01	1.35e-02	1.22e-02
 1.88114e+17	9.70e-01	2.98e-02	2.96e-06	0.00e+00	0.00e+00	0.00e+00	0.00e+00	0.00e+00	0.00e+00	9.44e-01	1.35e-02	1.22e-02
 1.88231e+17	9.70e-01	2.98e-02	2.94e-06	0.00e+00	0.00e+00	0.00e+00	0.00e+00	0.00e+00	0.00e+00	9.44e-01	1.35e-02	1.22e-02
 1.88347e+17	9.70e-01	2.96e-02	2.92e-06	0.00e+00	0.00e+00	0.00e+00	0.00e+00	0.00e+00	0.00e+00	9.45e-01	1.35e-02	1.23e-02
 1.88467e+17	9.71e-01	2.95e-02	2.91e-06	0.00e+00	0.00e+00	0.00e+00	0.00e+00	0.00e+00	0.00e+00	9.45e-01	1.36e-02	1.23e-02
 1.88587e+17	9.71e-01	2.93e-02	2.89e-06	0.00e+00	0.00e+00	0.00e+00	0.00e+00	0.00e+00	0.00e+00	9.45e-01	1.36e-02	1.23e-02
 1.88695e+17	9.71e-01	2.93e-02	2.87e-06	0.00e+00	0.00e+00	0.00e+00	0.00e+00	0.00e+00	0.00e+00	9.45e-01	1.36e-02	1.23e-02
 1.88793e+17	9.71e-01	2.89e-02	2.85e-06	0.00e+00	0.00e+00	0.00e+00	0.00e+00	0.00e+00	0.00e+00	9.45e-01	1.36e-02	1.23e-02
 1.88895e+17	9.71e-01	2.88e-02	2.83e-06	0.00e+00	0.00e+00	0.00e+00	0.00e+00	0.00e+00	0.00e+00	9.45e-01	1.36e-02	1.23e-02
 1.89002e+17	9.71e-01	2.87e-02	2.81e-06	0.00e+00	0.00e+00	0.00e+00	0.00e+00	0.00e+00	0.00e+00	9.45e-01	1.37e-02	1.23e-02
 1.89102e+17	9.71e-01	2.85e-02	2.79e-06	0.00e+00	0.00e+00	0.00e+00	0.00e+00	0.00e+00	0.00e+00	9.46e-01	1.37e-02	1.23e-02
 1.89194e+17	9.72e-01	2.84e-02	2.78e-06	0.00e+00	0.00e+00	0.00e+00	0.00e+00	0.00e+00	0.00e+00	9.46e-01	1.37e-02	1.23e-02
 1.89282e+17	9.72e-01	2.83e-02	2.76e-06	0.00e+00	0.00e+00	0.00e+00	0.00e+00	0.00e+00	0.00e+00	9.46e-01	1.37e-02	1.23e-02
 1.89372e+17	9.72e-01	2.80e-02	2.74e-06	0.00e+00	0.00e+00	0.00e+00	0.00e+00	0.00e+00	0.00e+00	9.46e-01	1.37e-02	1.23e-02
 1.89468e+17	9.72e-01	2.79e-02	2.72e-06	0.00e+00	0.00e+00	0.00e+00	0.00e+00	0.00e+00	0.00e+00	9.46e-01	1.38e-02	1.23e-02
 1.89564e+17	9.72e-01	2.77e-02	2.71e-06	0.00e+00	0.00e+00	0.00e+00	0.00e+00	0.00e+00	0.00e+00	9.46e-01	1.38e-02	1.23e-02
 1.89654e+17	9.72e-01	2.76e-02	2.69e-06	0.00e+00	0.00e+00	0.00e+00	0.00e+00	0.00e+00	0.00e+00	9.46e-01	1.38e-02	1.23e-02
 1.89741e+17	9.73e-01	2.74e-02	2.67e-06	0.00e+00	0.00e+00	0.00e+00	0.00e+00	0.00e+00	0.00e+00	9.46e-01	1.38e-02	1.23e-02
 1.89835e+17	9.73e-01	2.71e-02	2.65e-06	0.00e+00	0.00e+00	0.00e+00	0.00e+00	0.00e+00	0.00e+00	9.47e-01	1.38e-02	1.23e-02
 1.89940e+17	9.73e-01	2.69e-02	2.63e-06	0.00e+00	0.00e+00	0.00e+00	0.00e+00	0.00e+00	0.00e+00	9.47e-01	1.38e-02	1.23e-02
 1.90039e+17	9.73e-01	2.68e-02	2.61e-06	0.00e+00	0.00e+00	0.00e+00	0.00e+00	0.00e+00	0.00e+00	9.47e-01	1.39e-02	1.23e-02
 1.90122e+17	9.73e-01	2.66e-02	2.59e-06	0.00e+00	0.00e+00	0.00e+00	0.00e+00	0.00e+00	0.00e+00	9.47e-01	1.39e-02	1.23e-02
 1.90198e+17	9.74e-01	2.65e-02	2.58e-06	0.00e+00	0.00e+00	0.00e+00	0.00e+00	0.00e+00	0.00e+00	9.47e-01	1.39e-02	1.23e-02
 1.90279e+17	9.74e-01	2.63e-02	2.56e-06	0.00e+00	0.00e+00	0.00e+00	0.00e+00	0.00e+00	0.00e+00	9.47e-01	1.39e-02	1.23e-02
 1.90371e+17	9.74e-01	2.61e-02	2.54e-06	0.00e+00	0.00e+00	0.00e+00	0.00e+00	0.00e+00	0.00e+00	9.48e-01	1.39e-02	1.24e-02
 1.90470e+17	9.74e-01	2.59e-02	2.52e-06	0.00e+00	0.00e+00	0.00e+00	0.00e+00	0.00e+00	0.00e+00	9.48e-01	1.39e-02	1.24e-02
 1.90569e+17	9.74e-01	2.57e-02	2.50e-06	0.00e+00	0.00e+00	0.00e+00	0.00e+00	0.00e+00	0.00e+00	9.48e-01	1.40e-02	1.24e-02
 1.90663e+17	9.74e-01	2.55e-02	2.48e-06	0.00e+00	0.00e+00	0.00e+00	0.00e+00	0.00e+00	0.00e+00	9.48e-01	1.40e-02	1.24e-02
 1.90754e+17	9.75e-01	2.53e-02	2.46e-06	0.00e+00	0.00e+00	0.00e+00	0.00e+00	0.00e+00	0.00e+00	9.48e-01	1.40e-02	1.24e-02
 1.90845e+17	9.75e-01	2.52e-02	2.45e-06	0.00e+00	0.00e+00	0.00e+00	0.00e+00	0.00e+00	0.00e+00	9.48e-01	1.40e-02	1.24e-02
 1.90939e+17	9.75e-01	2.50e-02	2.43e-06	0.00e+00	0.00e+00	0.00e+00	0.00e+00	0.00e+00	0.00e+00	9.49e-01	1.40e-02	1.24e-02
 1.91035e+17	9.75e-01	2.48e-02	2.40e-06	0.00e+00	0.00e+00	0.00e+00	0.00e+00	0.00e+00	0.00e+00	9.49e-01	1.40e-02	1.24e-02
 1.91120e+17	9.75e-01	2.46e-02	2.38e-06	0.00e+00	0.00e+00	0.00e+00	0.00e+00	0.00e+00	0.00e+00	9.49e-01	1.41e-02	1.24e-02
 1.91196e+17	9.76e-01	2.45e-02	2.37e-06	0.00e+00	0.00e+00	0.00e+00	0.00e+00	0.00e+00	0.00e+00	9.49e-01	1.41e-02	1.24e-02
 1.91283e+17	9.76e-01	2.42e-02	2.35e-06	0.00e+00	0.00e+00	0.00e+00	0.00e+00	0.00e+00	0.00e+00	9.49e-01	1.41e-02	1.24e-02
 1.91392e+17	9.76e-01	2.39e-02	2.32e-06	0.00e+00	0.00e+00	0.00e+00	0.00e+00	0.00e+00	0.00e+00	9.50e-01	1.41e-02	1.24e-02
 1.91508e+17	9.76e-01	2.37e-02	2.29e-06	0.00e+00	0.00e+00	0.00e+00	0.00e+00	0.00e+00	0.00e+00	9.50e-01	1.42e-02	1.24e-02
 1.91597e+17	9.77e-01	2.35e-02	2.27e-06	0.00e+00	0.00e+00	0.00e+00	0.00e+00	0.00e+00	0.00e+00	9.50e-01	1.42e-02	1.24e-02
 1.91672e+17	9.77e-01	2.32e-02	2.25e-06	0.00e+00	0.00e+00	0.00e+00	0.00e+00	0.00e+00	0.00e+00	9.50e-01	1.42e-02	1.24e-02
 1.91769e+17	9.77e-01	2.30e-02	2.23e-06	0.00e+00	0.00e+00	0.00e+00	0.00e+00	0.00e+00	0.00e+00	9.50e-01	1.42e-02	1.24e-02
 1.91892e+17	9.77e-01	2.27e-02	2.19e-06	0.00e+00	0.00e+00	0.00e+00	0.00e+00	0.00e+00	0.00e+00	9.51e-01	1.43e-02	1.25e-02
 1.92008e+17	9.78e-01	2.22e-02	2.15e-06	0.00e+00	0.00e+00	0.00e+00	0.00e+00	0.00e+00	0.00e+00	9.51e-01	1.43e-02	1.25e-02
 1.92086e+17	9.78e-01	2.21e-02	2.13e-06	0.00e+00	0.00e+00	0.00e+00	0.00e+00	0.00e+00	0.00e+00	9.51e-01	1.44e-02	1.25e-02
 1.92159e+17	9.78e-01	2.19e-02	2.11e-06	0.00e+00	0.00e+00	0.00e+00	0.00e+00	0.00e+00	0.00e+00	9.51e-01	1.44e-02	1.25e-02
 1.92254e+17	9.78e-01	2.17e-02	2.09e-06	0.00e+00	0.00e+00	0.00e+00	0.00e+00	0.00e+00	0.00e+00	9.51e-01	1.44e-02	1.25e-02
 1.92378e+17	9.79e-01	2.10e-02	2.03e-06	0.00e+00	0.00e+00	0.00e+00	0.00e+00	0.00e+00	0.00e+00	9.52e-01	1.45e-02	1.25e-02
 1.92511e+17	9.80e-01	1.99e-02	1.92e-06	0.00e+00	0.00e+00	0.00e+00	0.00e+00	0.00e+00	0.00e+00	9.53e-01	1.46e-02	1.25e-02
 1.92633e+17	9.87e-01	1.32e-02	1.20e-06	0.00e+00	0.00e+00	0.00e+00	0.00e+00	0.00e+00	0.00e+00	9.58e-01	1.60e-02	1.28e-02
 1.92743e+17	9.88e-01	1.17e-02	1.04e-06	0.00e+00	0.00e+00	0.00e+00	0.00e+00	0.00e+00	0.00e+00	9.59e-01	1.64e-02	1.28e-02
 1.92844e+17	9.89e-01	1.10e-02	9.65e-07	0.00e+00	0.00e+00	0.00e+00	0.00e+00	0.00e+00	0.00e+00	9.60e-01	1.66e-02	1.28e-02
 1.92935e+17	9.89e-01	1.05e-02	9.10e-07	0.00e+00	0.00e+00	0.00e+00	0.00e+00	0.00e+00	0.00e+00	9.60e-01	1.67e-02	1.27e-02
 1.93018e+17	9.90e-01	1.02e-02	8.75e-07	0.00e+00	0.00e+00	0.00e+00	0.00e+00	0.00e+00	0.00e+00	9.60e-01	1.68e-02	1.27e-02
 1.93094e+17	9.90e-01	1.00e-02	8.52e-07	0.00e+00	0.00e+00	0.00e+00	0.00e+00	0.00e+00	0.00e+00	9.60e-01	1.69e-02	1.27e-02
 1.93163e+17	9.90e-01	9.79e-03	8.30e-07	0.00e+00	0.00e+00	0.00e+00	0.00e+00	0.00e+00	0.00e+00	9.61e-01	1.69e-02	1.27e-02
 1.93226e+17	9.90e-01	9.58e-03	8.10e-07	0.00e+00	0.00e+00	0.00e+00	0.00e+00	0.00e+00	0.00e+00	9.61e-01	1.70e-02	1.27e-02
 1.93294e+17	9.91e-01	9.42e-03	7.91e-07	0.00e+00	0.00e+00	0.00e+00	0.00e+00	0.00e+00	0.00e+00	9.61e-01	1.70e-02	1.27e-02
 1.93384e+17	9.91e-01	9.08e-03	7.58e-07	0.00e+00	0.00e+00	0.00e+00	0.00e+00	0.00e+00	0.00e+00	9.61e-01	1.71e-02	1.27e-02
 1.93480e+17	9.91e-01	8.63e-03	7.15e-07	0.00e+00	0.00e+00	0.00e+00	0.00e+00	0.00e+00	0.00e+00	9.62e-01	1.72e-02	1.26e-02
 1.93568e+17	9.92e-01	8.42e-03	6.97e-07	0.00e+00	0.00e+00	0.00e+00	0.00e+00	0.00e+00	0.00e+00	9.62e-01	1.72e-02	1.26e-02
 1.93648e+17	9.92e-01	8.24e-03	6.79e-07	0.00e+00	0.00e+00	0.00e+00	0.00e+00	0.00e+00	0.00e+00	9.62e-01	1.73e-02	1.26e-02
 1.93721e+17	9.92e-01	8.14e-03	6.71e-07	0.00e+00	0.00e+00	0.00e+00	0.00e+00	0.00e+00	0.00e+00	9.62e-01	1.73e-02	1.26e-02
 1.93800e+17	9.92e-01	7.97e-03	6.53e-07	0.00e+00	0.00e+00	0.00e+00	0.00e+00	0.00e+00	0.00e+00	9.62e-01	1.73e-02	1.25e-02
 1.93886e+17	9.92e-01	7.70e-03	6.29e-07	0.00e+00	0.00e+00	0.00e+00	0.00e+00	0.00e+00	0.00e+00	9.62e-01	1.74e-02	1.25e-02
 1.93964e+17	9.92e-01	7.60e-03	6.21e-07	0.00e+00	0.00e+00	0.00e+00	0.00e+00	0.00e+00	0.00e+00	9.63e-01	1.74e-02	1.25e-02
 1.94050e+17	9.93e-01	7.42e-03	6.05e-07	0.00e+00	0.00e+00	0.00e+00	0.00e+00	0.00e+00	0.00e+00	9.63e-01	1.74e-02	1.25e-02
 1.94143e+17	9.93e-01	7.16e-03	5.83e-07	0.00e+00	0.00e+00	0.00e+00	0.00e+00	0.00e+00	0.00e+00	9.63e-01	1.75e-02	1.24e-02
 1.94227e+17	9.93e-01	7.07e-03	5.76e-07	0.00e+00	0.00e+00	0.00e+00	0.00e+00	0.00e+00	0.00e+00	9.63e-01	1.75e-02	1.24e-02
 1.94314e+17	9.93e-01	6.92e-03	5.63e-07	0.00e+00	0.00e+00	0.00e+00	0.00e+00	0.00e+00	0.00e+00	9.63e-01	1.75e-02	1.24e-02
 1.94405e+17	9.93e-01	6.76e-03	5.49e-07	0.00e+00	0.00e+00	0.00e+00	0.00e+00	0.00e+00	0.00e+00	9.63e-01	1.75e-02	1.23e-02
 1.94489e+17	9.93e-01	6.67e-03	5.43e-07	0.00e+00	0.00e+00	0.00e+00	0.00e+00	0.00e+00	0.00e+00	9.63e-01	1.75e-02	1.23e-02
 1.94568e+17	9.93e-01	6.60e-03	5.36e-07	0.00e+00	0.00e+00	0.00e+00	0.00e+00	0.00e+00	0.00e+00	9.64e-01	1.75e-02	1.23e-02
 1.94646e+17	9.93e-01	6.51e-03	5.30e-07	0.00e+00	0.00e+00	0.00e+00	0.00e+00	0.00e+00	0.00e+00	9.64e-01	1.75e-02	1.23e-02
 1.94721e+17	9.94e-01	6.39e-03	5.18e-07	0.00e+00	0.00e+00	0.00e+00	0.00e+00	0.00e+00	0.00e+00	9.64e-01	1.75e-02	1.22e-02
 1.94785e+17	9.94e-01	6.31e-03	5.13e-07	0.00e+00	0.00e+00	0.00e+00	0.00e+00	0.00e+00	0.00e+00	9.64e-01	1.76e-02	1.22e-02
 1.94839e+17	9.94e-01	6.29e-03	5.09e-07	0.00e+00	0.00e+00	0.00e+00	0.00e+00	0.00e+00	0.00e+00	9.64e-01	1.76e-02	1.22e-02
 1.94895e+17	9.94e-01	6.23e-03	5.05e-07	0.00e+00	0.00e+00	0.00e+00	0.00e+00	0.00e+00	0.00e+00	9.64e-01	1.76e-02	1.22e-02
 1.94958e+17	9.94e-01	6.14e-03	4.99e-07	0.00e+00	0.00e+00	0.00e+00	0.00e+00	0.00e+00	0.00e+00	9.64e-01	1.75e-02	1.22e-02
 1.95023e+17	9.94e-01	5.94e-03	4.81e-07	0.00e+00	0.00e+00	0.00e+00	0.00e+00	0.00e+00	0.00e+00	9.64e-01	1.76e-02	1.21e-02
 1.95082e+17	9.94e-01	5.79e-03	4.70e-07	0.00e+00	0.00e+00	0.00e+00	0.00e+00	0.00e+00	0.00e+00	9.65e-01	1.76e-02	1.21e-02
 1.95136e+17	9.94e-01	5.66e-03	4.58e-07	0.00e+00	0.00e+00	0.00e+00	0.00e+00	0.00e+00	0.00e+00	9.65e-01	1.76e-02	1.20e-02
 1.95185e+17	9.94e-01	5.52e-03	4.47e-07	0.00e+00	0.00e+00	0.00e+00	0.00e+00	0.00e+00	0.00e+00	9.65e-01	1.76e-02	1.20e-02
 1.95230e+17	9.95e-01	5.31e-03	4.30e-07	0.00e+00	0.00e+00	0.00e+00	0.00e+00	0.00e+00	0.00e+00	9.65e-01	1.76e-02	1.19e-02
