#depth	N  1	N  2	N  3	N  4	N  5	N  6	N  7	N  8
 1.89671e+14	5.86e-07	1.97e-03	2.29e-01	5.25e-01	1.97e-01	4.76e-02	2.20e-04	0.00e+00
 1.13802e+15	5.88e-07	1.97e-03	2.29e-01	5.25e-01	1.96e-01	4.73e-02	2.19e-04	1.94e-07
 4.93144e+15	5.92e-07	1.98e-03	2.31e-01	5.26e-01	1.94e-01	4.65e-02	2.14e-04	0.00e+00
 2.01051e+16	6.13e-07	2.04e-03	2.38e-01	5.27e-01	1.88e-01	4.38e-02	1.98e-04	0.00e+00
 4.80246e+16	6.73e-07	2.19e-03	2.54e-01	5.31e-01	1.75e-01	3.80e-02	1.62e-04	0.00e+00
 7.86336e+16	7.38e-07	2.32e-03	2.70e-01	5.32e-01	1.63e-01	3.31e-02	1.35e-04	0.00e+00
 1.09974e+17	7.91e-07	2.43e-03	2.85e-01	5.29e-01	1.54e-01	3.02e-02	1.19e-04	0.00e+00
 1.47951e+17	8.65e-07	2.58e-03	3.04e-01	5.24e-01	1.42e-01	2.69e-02	1.04e-04	0.00e+00
 1.97321e+17	9.65e-07	2.80e-03	3.32e-01	5.14e-01	1.28e-01	2.33e-02	8.76e-05	0.00e+00
 2.48850e+17	1.06e-06	3.00e-03	3.62e-01	5.01e-01	1.14e-01	2.01e-02	7.46e-05	0.00e+00
 2.92497e+17	1.13e-06	3.18e-03	3.88e-01	4.88e-01	1.03e-01	1.80e-02	6.66e-05	0.00e+00
 3.30525e+17	1.20e-06	3.36e-03	4.11e-01	4.75e-01	9.42e-02	1.63e-02	6.05e-05	0.00e+00
 3.71936e+17	1.32e-06	3.62e-03	4.39e-01	4.59e-01	8.40e-02	1.45e-02	5.37e-05	0.00e+00
 4.13873e+17	1.43e-06	3.87e-03	4.67e-01	4.42e-01	7.40e-02	1.27e-02	4.75e-05	0.00e+00
 4.47314e+17	1.56e-06	4.15e-03	4.92e-01	4.27e-01	6.57e-02	1.12e-02	4.15e-05	0.00e+00
 4.74431e+17	1.68e-06	4.39e-03	5.12e-01	4.14e-01	5.94e-02	1.01e-02	3.73e-05	0.00e+00
 5.02505e+17	1.86e-06	4.71e-03	5.33e-01	4.01e-01	5.28e-02	8.95e-03	3.25e-05	0.00e+00
 5.31630e+17	2.07e-06	5.09e-03	5.55e-01	3.86e-01	4.61e-02	7.77e-03	2.76e-05	0.00e+00
 5.55299e+17	2.30e-06	5.45e-03	5.73e-01	3.73e-01	4.09e-02	6.86e-03	2.38e-05	0.00e+00
 5.74799e+17	2.53e-06	5.81e-03	5.89e-01	3.62e-01	3.69e-02	6.13e-03	2.06e-05	0.00e+00
 5.92829e+17	2.80e-06	6.20e-03	6.03e-01	3.52e-01	3.33e-02	5.48e-03	1.79e-05	0.00e+00
 6.13394e+17	3.19e-06	6.72e-03	6.20e-01	3.39e-01	2.93e-02	4.78e-03	1.50e-05	0.00e+00
 6.34550e+17	3.69e-06	7.35e-03	6.38e-01	3.24e-01	2.56e-02	4.11e-03	1.22e-05	0.00e+00
 6.51457e+17	4.17e-06	7.91e-03	6.52e-01	3.13e-01	2.30e-02	3.64e-03	1.03e-05	0.00e+00
 6.66116e+17	4.67e-06	8.47e-03	6.65e-01	3.03e-01	2.09e-02	3.26e-03	8.88e-06	0.00e+00
 6.82872e+17	5.36e-06	9.18e-03	6.78e-01	2.91e-01	1.87e-02	2.87e-03	7.41e-06	0.00e+00
 7.01735e+17	6.25e-06	1.00e-02	6.93e-01	2.78e-01	1.65e-02	2.49e-03	6.05e-06	0.00e+00
 7.19886e+17	7.24e-06	1.09e-02	7.06e-01	2.66e-01	1.47e-02	2.17e-03	4.99e-06	0.00e+00
 7.40028e+17	8.56e-06	1.20e-02	7.20e-01	2.53e-01	1.30e-02	1.87e-03	4.03e-06	0.00e+00
 7.62466e+17	1.03e-05	1.34e-02	7.35e-01	2.39e-01	1.14e-02	1.59e-03	3.17e-06	0.00e+00
 7.83251e+17	1.21e-05	1.46e-02	7.46e-01	2.28e-01	1.02e-02	1.38e-03	2.59e-06	0.00e+00
 8.05636e+17	1.44e-05	1.61e-02	7.57e-01	2.16e-01	9.21e-03	1.20e-03	2.10e-06	0.00e+00
 8.34737e+17	1.78e-05	1.81e-02	7.70e-01	2.03e-01	8.13e-03	1.01e-03	1.62e-06	0.00e+00
 8.65052e+17	2.18e-05	2.03e-02	7.81e-01	1.91e-01	7.28e-03	8.54e-04	1.27e-06	0.00e+00
 8.86827e+17	2.50e-05	2.18e-02	7.87e-01	1.83e-01	6.84e-03	7.70e-04	1.08e-06	0.00e+00
 9.01869e+17	2.75e-05	2.31e-02	7.91e-01	1.78e-01	6.57e-03	7.15e-04	9.69e-07	0.00e+00
 9.18280e+17	3.07e-05	2.45e-02	7.96e-01	1.73e-01	6.27e-03	6.56e-04	0.00e+00	0.00e+00
 9.39613e+17	3.54e-05	2.65e-02	8.01e-01	1.66e-01	5.91e-03	5.89e-04	0.00e+00	0.00e+00
 9.61887e+17	4.09e-05	2.88e-02	8.06e-01	1.59e-01	5.60e-03	5.28e-04	0.00e+00	0.00e+00
 9.80365e+17	4.61e-05	3.08e-02	8.10e-01	1.53e-01	5.37e-03	4.82e-04	0.00e+00	0.00e+00
 9.96601e+17	5.15e-05	3.28e-02	8.13e-01	1.49e-01	5.18e-03	4.44e-04	0.00e+00	0.00e+00
 1.01494e+18	5.85e-05	3.53e-02	8.16e-01	1.43e-01	4.97e-03	4.02e-04	0.00e+00	0.00e+00
 1.03453e+18	6.74e-05	3.82e-02	8.20e-01	1.37e-01	4.75e-03	3.61e-04	0.00e+00	0.00e+00
 1.05119e+18	7.61e-05	4.11e-02	8.22e-01	1.32e-01	4.58e-03	3.29e-04	0.00e+00	0.00e+00
 1.06553e+18	8.47e-05	4.37e-02	8.24e-01	1.27e-01	4.44e-03	3.03e-04	0.00e+00	0.00e+00
 1.08139e+18	9.66e-05	4.72e-02	8.26e-01	1.22e-01	4.26e-03	2.73e-04	0.00e+00	0.00e+00
 1.09817e+18	1.11e-04	5.14e-02	8.28e-01	1.16e-01	4.08e-03	2.44e-04	0.00e+00	0.00e+00
 1.11228e+18	1.26e-04	5.53e-02	8.29e-01	1.11e-01	3.93e-03	2.21e-04	0.00e+00	0.00e+00
 1.12444e+18	1.41e-04	5.91e-02	8.30e-01	1.07e-01	3.79e-03	2.02e-04	0.00e+00	0.00e+00
 1.13796e+18	1.61e-04	6.39e-02	8.30e-01	1.02e-01	3.63e-03	1.81e-04	0.00e+00	0.00e+00
 1.15245e+18	1.86e-04	6.99e-02	8.30e-01	9.60e-02	3.46e-03	1.60e-04	0.00e+00	0.00e+00
 1.16479e+18	2.12e-04	7.56e-02	8.30e-01	9.11e-02	3.31e-03	1.43e-04	0.00e+00	0.00e+00
 1.17527e+18	2.37e-04	8.10e-02	8.29e-01	8.70e-02	3.19e-03	1.30e-04	0.00e+00	0.00e+00
 1.18680e+18	2.72e-04	8.79e-02	8.27e-01	8.19e-02	3.03e-03	1.15e-04	0.00e+00	0.00e+00
 1.19916e+18	3.17e-04	9.64e-02	8.24e-01	7.65e-02	2.87e-03	1.00e-04	0.00e+00	0.00e+00
 1.20973e+18	3.63e-04	1.05e-01	8.20e-01	7.19e-02	2.72e-03	8.84e-05	0.00e+00	0.00e+00
 1.21884e+18	4.09e-04	1.12e-01	8.17e-01	6.79e-02	2.60e-03	7.91e-05	0.00e+00	0.00e+00
 1.22890e+18	4.71e-04	1.23e-01	8.11e-01	6.32e-02	2.45e-03	6.89e-05	0.00e+00	0.00e+00
 1.23974e+18	5.52e-04	1.35e-01	8.04e-01	5.82e-02	2.29e-03	5.90e-05	0.00e+00	0.00e+00
 1.24908e+18	6.37e-04	1.47e-01	7.96e-01	5.39e-02	2.14e-03	5.11e-05	0.00e+00	0.00e+00
 1.25712e+18	7.25e-04	1.59e-01	7.88e-01	5.02e-02	2.02e-03	4.47e-05	0.00e+00	0.00e+00
 1.26599e+18	8.40e-04	1.74e-01	7.78e-01	4.60e-02	1.88e-03	3.83e-05	0.00e+00	0.00e+00
 1.27570e+18	9.96e-04	1.92e-01	7.64e-01	4.15e-02	1.73e-03	3.18e-05	0.00e+00	0.00e+00
 1.28424e+18	1.17e-03	2.11e-01	7.49e-01	3.75e-02	1.59e-03	2.67e-05	0.00e+00	0.00e+00
 1.29158e+18	1.34e-03	2.29e-01	7.34e-01	3.41e-02	1.47e-03	2.26e-05	0.00e+00	0.00e+00
 1.29964e+18	1.57e-03	2.52e-01	7.15e-01	3.05e-02	1.34e-03	1.87e-05	0.00e+00	0.00e+00
 1.30859e+18	1.90e-03	2.80e-01	6.90e-01	2.65e-02	1.19e-03	1.48e-05	0.00e+00	0.00e+00
 1.31668e+18	2.27e-03	3.10e-01	6.63e-01	2.30e-02	1.05e-03	1.17e-05	0.00e+00	0.00e+00
 1.32369e+18	2.66e-03	3.40e-01	6.37e-01	2.01e-02	9.38e-04	9.42e-06	0.00e+00	0.00e+00
 1.33132e+18	3.18e-03	3.74e-01	6.04e-01	1.71e-02	8.18e-04	7.29e-06	0.00e+00	0.00e+00
 1.33953e+18	3.90e-03	4.18e-01	5.64e-01	1.41e-02	6.90e-04	5.35e-06	0.00e+00	0.00e+00
 1.34643e+18	4.68e-03	4.59e-01	5.24e-01	1.16e-02	5.83e-04	3.98e-06	0.00e+00	0.00e+00
 1.35200e+18	5.44e-03	4.95e-01	4.89e-01	9.81e-03	5.01e-04	3.06e-06	0.00e+00	0.00e+00
 1.35795e+18	6.40e-03	5.36e-01	4.50e-01	8.06e-03	4.21e-04	2.28e-06	0.00e+00	0.00e+00
 1.36464e+18	7.72e-03	5.84e-01	4.01e-01	6.29e-03	3.36e-04	1.58e-06	0.00e+00	0.00e+00
 1.37070e+18	9.24e-03	6.32e-01	3.54e-01	4.86e-03	2.65e-04	1.08e-06	0.00e+00	0.00e+00
 1.37578e+18	1.08e-02	6.72e-01	3.13e-01	3.83e-03	2.12e-04	7.58e-07	0.00e+00	0.00e+00
 1.38007e+18	1.24e-02	7.07e-01	2.78e-01	3.07e-03	1.71e-04	0.00e+00	0.00e+00	0.00e+00
 1.38382e+18	1.39e-02	7.37e-01	2.47e-01	2.49e-03	1.40e-04	0.00e+00	0.00e+00	0.00e+00
 1.38799e+18	1.59e-02	7.68e-01	2.14e-01	1.96e-03	1.10e-04	0.00e+00	0.00e+00	0.00e+00
 1.39240e+18	1.85e-02	8.01e-01	1.79e-01	1.47e-03	8.14e-05	0.00e+00	0.00e+00	0.00e+00
 1.39597e+18	2.10e-02	8.26e-01	1.52e-01	1.14e-03	6.23e-05	0.00e+00	0.00e+00	0.00e+00
 1.39881e+18	2.33e-02	8.44e-01	1.31e-01	9.30e-04	4.94e-05	0.00e+00	0.00e+00	0.00e+00
 1.40186e+18	2.61e-02	8.62e-01	1.11e-01	7.40e-04	3.80e-05	0.00e+00	0.00e+00	0.00e+00
 1.40522e+18	2.99e-02	8.79e-01	9.03e-02	5.68e-04	2.74e-05	0.00e+00	0.00e+00	0.00e+00
 1.40816e+18	3.39e-02	8.92e-01	7.34e-02	4.46e-04	1.99e-05	0.00e+00	0.00e+00	0.00e+00
 1.41060e+18	3.78e-02	9.01e-01	6.08e-02	3.64e-04	1.49e-05	0.00e+00	0.00e+00	0.00e+00
 1.41319e+18	4.25e-02	9.08e-01	4.94e-02	2.96e-04	1.09e-05	0.00e+00	0.00e+00	0.00e+00
 1.41605e+18	4.91e-02	9.13e-01	3.80e-02	2.34e-04	7.38e-06	0.00e+00	0.00e+00	0.00e+00
 1.41856e+18	5.65e-02	9.14e-01	2.92e-02	1.89e-04	5.00e-06	0.00e+00	0.00e+00	0.00e+00
 1.42060e+18	6.38e-02	9.13e-01	2.31e-02	1.60e-04	3.56e-06	0.00e+00	0.00e+00	0.00e+00
 1.42238e+18	7.13e-02	9.10e-01	1.87e-02	1.38e-04	2.61e-06	0.00e+00	0.00e+00	0.00e+00
 1.42425e+18	8.04e-02	9.05e-01	1.47e-02	1.19e-04	1.86e-06	0.00e+00	0.00e+00	0.00e+00
 1.42617e+18	9.23e-02	8.96e-01	1.12e-02	1.02e-04	1.26e-06	0.00e+00	0.00e+00	0.00e+00
 1.42781e+18	1.05e-01	8.86e-01	8.62e-03	8.87e-05	8.76e-07	0.00e+00	0.00e+00	0.00e+00
 1.42904e+18	1.16e-01	8.77e-01	7.00e-03	7.99e-05	0.00e+00	0.00e+00	0.00e+00	0.00e+00
 1.43004e+18	1.26e-01	8.68e-01	5.90e-03	7.36e-05	0.00e+00	0.00e+00	0.00e+00	0.00e+00
 1.43102e+18	1.37e-01	8.58e-01	4.96e-03	6.80e-05	0.00e+00	0.00e+00	0.00e+00	0.00e+00
 1.43202e+18	1.50e-01	8.46e-01	4.12e-03	6.24e-05	0.00e+00	0.00e+00	0.00e+00	0.00e+00
 1.43295e+18	1.63e-01	8.34e-01	3.42e-03	5.74e-05	0.00e+00	0.00e+00	0.00e+00	0.00e+00
 1.43362e+18	1.74e-01	8.23e-01	2.98e-03	5.40e-05	0.00e+00	0.00e+00	0.00e+00	0.00e+00
 1.43401e+18	1.80e-01	8.17e-01	2.76e-03	5.24e-05	0.00e+00	0.00e+00	0.00e+00	0.00e+00
 1.43439e+18	1.86e-01	8.11e-01	2.56e-03	5.09e-05	0.00e+00	0.00e+00	0.00e+00	0.00e+00
 1.43488e+18	1.95e-01	8.03e-01	2.31e-03	4.87e-05	0.00e+00	0.00e+00	0.00e+00	0.00e+00
 1.43544e+18	2.06e-01	7.92e-01	2.05e-03	4.62e-05	0.00e+00	0.00e+00	0.00e+00	0.00e+00
 1.43594e+18	2.16e-01	7.82e-01	1.83e-03	4.40e-05	0.00e+00	0.00e+00	0.00e+00	0.00e+00
 1.43636e+18	2.25e-01	7.73e-01	1.67e-03	4.23e-05	0.00e+00	0.00e+00	0.00e+00	0.00e+00
 1.43676e+18	2.34e-01	7.65e-01	1.53e-03	4.09e-05	0.00e+00	0.00e+00	0.00e+00	0.00e+00
 1.43721e+18	2.44e-01	7.54e-01	1.38e-03	3.92e-05	0.00e+00	0.00e+00	0.00e+00	0.00e+00
 1.43769e+18	2.56e-01	7.43e-01	1.24e-03	3.74e-05	0.00e+00	0.00e+00	0.00e+00	0.00e+00
 1.43813e+18	2.68e-01	7.31e-01	1.12e-03	3.57e-05	0.00e+00	0.00e+00	0.00e+00	0.00e+00
 1.43852e+18	2.78e-01	7.21e-01	1.02e-03	3.45e-05	0.00e+00	0.00e+00	0.00e+00	0.00e+00
 1.43892e+18	2.89e-01	7.11e-01	9.32e-04	3.31e-05	0.00e+00	0.00e+00	0.00e+00	0.00e+00
 1.43935e+18	3.01e-01	6.98e-01	8.44e-04	3.17e-05	0.00e+00	0.00e+00	0.00e+00	0.00e+00
 1.43979e+18	3.14e-01	6.85e-01	7.62e-04	3.04e-05	0.00e+00	0.00e+00	0.00e+00	0.00e+00
 1.44019e+18	3.26e-01	6.73e-01	6.94e-04	2.91e-05	0.00e+00	0.00e+00	0.00e+00	0.00e+00
 1.44058e+18	3.38e-01	6.62e-01	6.35e-04	2.80e-05	0.00e+00	0.00e+00	0.00e+00	0.00e+00
 1.44098e+18	3.50e-01	6.49e-01	5.82e-04	2.70e-05	0.00e+00	0.00e+00	0.00e+00	0.00e+00
 1.44140e+18	3.64e-01	6.35e-01	5.27e-04	2.57e-05	0.00e+00	0.00e+00	0.00e+00	0.00e+00
 1.44182e+18	3.78e-01	6.21e-01	4.81e-04	2.46e-05	0.00e+00	0.00e+00	0.00e+00	0.00e+00
 1.44222e+18	3.92e-01	6.08e-01	4.41e-04	2.36e-05	0.00e+00	0.00e+00	0.00e+00	0.00e+00
 1.44261e+18	4.04e-01	5.95e-01	4.08e-04	2.28e-05	0.00e+00	0.00e+00	0.00e+00	0.00e+00
 1.44302e+18	4.19e-01	5.81e-01	3.74e-04	2.18e-05	0.00e+00	0.00e+00	0.00e+00	0.00e+00
 1.44343e+18	4.33e-01	5.67e-01	3.45e-04	2.09e-05	0.00e+00	0.00e+00	0.00e+00	0.00e+00
 1.44384e+18	4.47e-01	5.53e-01	3.18e-04	2.00e-05	0.00e+00	0.00e+00	0.00e+00	0.00e+00
 1.44425e+18	4.60e-01	5.39e-01	2.96e-04	1.92e-05	0.00e+00	0.00e+00	0.00e+00	0.00e+00
 1.44467e+18	4.75e-01	5.25e-01	2.74e-04	1.84e-05	0.00e+00	0.00e+00	0.00e+00	0.00e+00
 1.44508e+18	4.88e-01	5.12e-01	2.57e-04	1.77e-05	0.00e+00	0.00e+00	0.00e+00	0.00e+00
 1.44549e+18	5.01e-01	4.99e-01	2.41e-04	1.70e-05	0.00e+00	0.00e+00	0.00e+00	0.00e+00
 1.44593e+18	5.15e-01	4.85e-01	2.26e-04	1.64e-05	0.00e+00	0.00e+00	0.00e+00	0.00e+00
 1.44638e+18	5.29e-01	4.71e-01	2.12e-04	1.56e-05	0.00e+00	0.00e+00	0.00e+00	0.00e+00
 1.44683e+18	5.42e-01	4.58e-01	2.01e-04	1.50e-05	0.00e+00	0.00e+00	0.00e+00	0.00e+00
 1.44727e+18	5.54e-01	4.45e-01	1.91e-04	1.44e-05	0.00e+00	0.00e+00	0.00e+00	0.00e+00
 1.44771e+18	5.66e-01	4.34e-01	1.82e-04	1.40e-05	0.00e+00	0.00e+00	0.00e+00	0.00e+00
 1.44820e+18	5.78e-01	4.22e-01	1.73e-04	1.34e-05	0.00e+00	0.00e+00	0.00e+00	0.00e+00
 1.44880e+18	5.93e-01	4.07e-01	1.64e-04	1.28e-05	0.00e+00	0.00e+00	0.00e+00	0.00e+00
 1.44946e+18	6.06e-01	3.94e-01	1.57e-04	1.22e-05	0.00e+00	0.00e+00	0.00e+00	0.00e+00
 1.45010e+18	6.18e-01	3.82e-01	1.50e-04	1.17e-05	0.00e+00	0.00e+00	0.00e+00	0.00e+00
 1.45077e+18	6.29e-01	3.71e-01	1.45e-04	1.13e-05	0.00e+00	0.00e+00	0.00e+00	0.00e+00
 1.45154e+18	6.38e-01	3.61e-01	1.40e-04	1.09e-05	0.00e+00	0.00e+00	0.00e+00	0.00e+00
 1.45249e+18	6.49e-01	3.51e-01	1.36e-04	1.05e-05	0.00e+00	0.00e+00	0.00e+00	0.00e+00
 1.45350e+18	6.59e-01	3.41e-01	1.31e-04	1.01e-05	0.00e+00	0.00e+00	0.00e+00	0.00e+00
 1.45449e+18	6.65e-01	3.34e-01	1.29e-04	9.93e-06	0.00e+00	0.00e+00	0.00e+00	0.00e+00
 1.45546e+18	6.71e-01	3.29e-01	1.27e-04	9.72e-06	0.00e+00	0.00e+00	0.00e+00	0.00e+00
 1.45642e+18	6.75e-01	3.25e-01	1.25e-04	9.58e-06	0.00e+00	0.00e+00	0.00e+00	0.00e+00
 1.45738e+18	6.78e-01	3.22e-01	1.24e-04	9.45e-06	0.00e+00	0.00e+00	0.00e+00	0.00e+00
 1.45847e+18	6.81e-01	3.19e-01	1.23e-04	9.32e-06	0.00e+00	0.00e+00	0.00e+00	0.00e+00
 1.45989e+18	6.86e-01	3.14e-01	1.21e-04	9.17e-06	0.00e+00	0.00e+00	0.00e+00	0.00e+00
 1.46174e+18	6.90e-01	3.10e-01	1.20e-04	9.00e-06	0.00e+00	0.00e+00	0.00e+00	0.00e+00
 1.46414e+18	6.95e-01	3.05e-01	1.18e-04	8.80e-06	0.00e+00	0.00e+00	0.00e+00	0.00e+00
 1.46727e+18	7.00e-01	2.99e-01	1.16e-04	8.60e-06	0.00e+00	0.00e+00	0.00e+00	0.00e+00
 1.47133e+18	7.07e-01	2.92e-01	1.14e-04	8.34e-06	0.00e+00	0.00e+00	0.00e+00	0.00e+00
 1.47661e+18	7.16e-01	2.84e-01	1.11e-04	8.03e-06	0.00e+00	0.00e+00	0.00e+00	0.00e+00
 1.48347e+18	7.27e-01	2.73e-01	1.07e-04	7.61e-06	0.00e+00	0.00e+00	0.00e+00	0.00e+00
 1.49239e+18	7.41e-01	2.58e-01	1.02e-04	7.10e-06	0.00e+00	0.00e+00	0.00e+00	0.00e+00
 1.50399e+18	7.58e-01	2.42e-01	9.70e-05	6.51e-06	0.00e+00	0.00e+00	0.00e+00	0.00e+00
 1.51753e+18	7.77e-01	2.22e-01	9.10e-05	5.84e-06	0.00e+00	0.00e+00	0.00e+00	0.00e+00
 1.53072e+18	7.95e-01	2.05e-01	8.60e-05	5.26e-06	0.00e+00	0.00e+00	0.00e+00	0.00e+00
 1.54253e+18	8.06e-01	1.94e-01	8.22e-05	4.87e-06	0.00e+00	0.00e+00	0.00e+00	0.00e+00
 1.55395e+18	8.19e-01	1.80e-01	7.83e-05	4.44e-06	0.00e+00	0.00e+00	0.00e+00	0.00e+00
 1.56580e+18	8.33e-01	1.66e-01	7.44e-05	4.01e-06	0.00e+00	0.00e+00	0.00e+00	0.00e+00
 1.57766e+18	8.47e-01	1.53e-01	7.13e-05	3.61e-06	0.00e+00	0.00e+00	0.00e+00	0.00e+00
 1.58873e+18	8.59e-01	1.41e-01	6.79e-05	3.26e-06	0.00e+00	0.00e+00	0.00e+00	0.00e+00
 1.59924e+18	8.69e-01	1.31e-01	6.48e-05	2.96e-06	0.00e+00	0.00e+00	0.00e+00	0.00e+00
 1.60986e+18	8.80e-01	1.20e-01	6.17e-05	2.66e-06	0.00e+00	0.00e+00	0.00e+00	0.00e+00
 1.62059e+18	8.91e-01	1.09e-01	5.85e-05	2.37e-06	0.00e+00	0.00e+00	0.00e+00	0.00e+00
 1.62846e+18	8.98e-01	1.02e-01	5.61e-05	2.18e-06	0.00e+00	0.00e+00	0.00e+00	0.00e+00
 1.63244e+18	8.98e-01	1.02e-01	5.56e-05	2.15e-06	0.00e+00	0.00e+00	0.00e+00	0.00e+00
 1.63584e+18	9.00e-01	1.00e-01	5.50e-05	2.11e-06	0.00e+00	0.00e+00	0.00e+00	0.00e+00
 1.64025e+18	9.05e-01	9.54e-02	5.35e-05	1.99e-06	0.00e+00	0.00e+00	0.00e+00	0.00e+00
 1.64474e+18	9.09e-01	9.06e-02	5.20e-05	1.87e-06	0.00e+00	0.00e+00	0.00e+00	0.00e+00
 1.64819e+18	9.11e-01	8.86e-02	5.13e-05	1.82e-06	0.00e+00	0.00e+00	0.00e+00	0.00e+00
 1.65153e+18	9.13e-01	8.66e-02	5.05e-05	1.76e-06	0.00e+00	0.00e+00	0.00e+00	0.00e+00
 1.65587e+18	9.18e-01	8.17e-02	4.90e-05	1.64e-06	0.00e+00	0.00e+00	0.00e+00	0.00e+00
 1.65985e+18	9.22e-01	7.76e-02	4.76e-05	1.54e-06	0.00e+00	0.00e+00	0.00e+00	0.00e+00
 1.66243e+18	9.23e-01	7.68e-02	4.72e-05	1.52e-06	0.00e+00	0.00e+00	0.00e+00	0.00e+00
 1.66486e+18	9.24e-01	7.58e-02	4.67e-05	1.49e-06	0.00e+00	0.00e+00	0.00e+00	0.00e+00
 1.66802e+18	9.27e-01	7.25e-02	4.56e-05	1.42e-06	0.00e+00	0.00e+00	0.00e+00	0.00e+00
 1.67116e+18	9.31e-01	6.92e-02	4.44e-05	1.34e-06	0.00e+00	0.00e+00	0.00e+00	0.00e+00
 1.67338e+18	9.32e-01	6.81e-02	4.40e-05	1.31e-06	0.00e+00	0.00e+00	0.00e+00	0.00e+00
 1.67538e+18	9.32e-01	6.75e-02	4.35e-05	1.30e-06	0.00e+00	0.00e+00	0.00e+00	0.00e+00
 1.67797e+18	9.33e-01	6.66e-02	4.31e-05	1.27e-06	0.00e+00	0.00e+00	0.00e+00	0.00e+00
 1.68134e+18	9.36e-01	6.39e-02	4.22e-05	1.21e-06	0.00e+00	0.00e+00	0.00e+00	0.00e+00
 1.68470e+18	9.39e-01	6.09e-02	4.11e-05	1.14e-06	0.00e+00	0.00e+00	0.00e+00	0.00e+00
 1.68707e+18	9.40e-01	6.00e-02	4.07e-05	1.12e-06	0.00e+00	0.00e+00	0.00e+00	0.00e+00
 1.68918e+18	9.41e-01	5.94e-02	4.03e-05	1.10e-06	0.00e+00	0.00e+00	0.00e+00	0.00e+00
 1.69191e+18	9.43e-01	5.68e-02	3.93e-05	1.05e-06	0.00e+00	0.00e+00	0.00e+00	0.00e+00
 1.69447e+18	9.46e-01	5.44e-02	3.84e-05	9.92e-07	0.00e+00	0.00e+00	0.00e+00	0.00e+00
 1.69617e+18	9.46e-01	5.38e-02	3.80e-05	0.00e+00	0.00e+00	0.00e+00	0.00e+00	0.00e+00
 1.69777e+18	9.47e-01	5.34e-02	3.77e-05	0.00e+00	0.00e+00	0.00e+00	0.00e+00	0.00e+00
 1.69984e+18	9.48e-01	5.19e-02	3.72e-05	0.00e+00	0.00e+00	0.00e+00	0.00e+00	0.00e+00
 1.70207e+18	9.51e-01	4.94e-02	3.62e-05	0.00e+00	0.00e+00	0.00e+00	0.00e+00	0.00e+00
 1.70377e+18	9.52e-01	4.85e-02	3.57e-05	0.00e+00	0.00e+00	0.00e+00	0.00e+00	0.00e+00
 1.70516e+18	9.52e-01	4.81e-02	3.54e-05	0.00e+00	0.00e+00	0.00e+00	0.00e+00	0.00e+00
 1.70691e+18	9.54e-01	4.64e-02	3.47e-05	0.00e+00	0.00e+00	0.00e+00	0.00e+00	0.00e+00
 1.70867e+18	9.56e-01	4.44e-02	3.39e-05	0.00e+00	0.00e+00	0.00e+00	0.00e+00	0.00e+00
 1.70990e+18	9.56e-01	4.39e-02	3.36e-05	0.00e+00	0.00e+00	0.00e+00	0.00e+00	0.00e+00
 1.71098e+18	9.56e-01	4.36e-02	3.33e-05	0.00e+00	0.00e+00	0.00e+00	0.00e+00	0.00e+00
 1.71238e+18	9.57e-01	4.27e-02	3.30e-05	0.00e+00	0.00e+00	0.00e+00	0.00e+00	0.00e+00
 1.71398e+18	9.60e-01	4.02e-02	3.18e-05	0.00e+00	0.00e+00	0.00e+00	0.00e+00	0.00e+00
 1.71517e+18	9.60e-01	3.95e-02	3.15e-05	0.00e+00	0.00e+00	0.00e+00	0.00e+00	0.00e+00
 1.71601e+18	9.61e-01	3.94e-02	3.13e-05	0.00e+00	0.00e+00	0.00e+00	0.00e+00	0.00e+00
 1.71711e+18	9.61e-01	3.87e-02	3.09e-05	0.00e+00	0.00e+00	0.00e+00	0.00e+00	0.00e+00
 1.71845e+18	9.63e-01	3.65e-02	2.99e-05	0.00e+00	0.00e+00	0.00e+00	0.00e+00	0.00e+00
 1.71952e+18	9.65e-01	3.52e-02	2.93e-05	0.00e+00	0.00e+00	0.00e+00	0.00e+00	0.00e+00
 1.72012e+18	9.65e-01	3.52e-02	2.91e-05	0.00e+00	0.00e+00	0.00e+00	0.00e+00	0.00e+00
 1.72070e+18	9.65e-01	3.51e-02	2.90e-05	0.00e+00	0.00e+00	0.00e+00	0.00e+00	0.00e+00
 1.72146e+18	9.65e-01	3.45e-02	2.87e-05	0.00e+00	0.00e+00	0.00e+00	0.00e+00	0.00e+00
 1.72244e+18	9.67e-01	3.32e-02	2.81e-05	0.00e+00	0.00e+00	0.00e+00	0.00e+00	0.00e+00
 1.72341e+18	9.69e-01	3.14e-02	2.71e-05	0.00e+00	0.00e+00	0.00e+00	0.00e+00	0.00e+00
 1.72403e+18	9.69e-01	3.11e-02	2.68e-05	0.00e+00	0.00e+00	0.00e+00	0.00e+00	0.00e+00
 1.72453e+18	9.69e-01	3.10e-02	2.67e-05	0.00e+00	0.00e+00	0.00e+00	0.00e+00	0.00e+00
 1.72518e+18	9.70e-01	3.04e-02	2.64e-05	0.00e+00	0.00e+00	0.00e+00	0.00e+00	0.00e+00
 1.72603e+18	9.72e-01	2.83e-02	2.52e-05	0.00e+00	0.00e+00	0.00e+00	0.00e+00	0.00e+00
 1.72675e+18	9.74e-01	2.56e-02	2.35e-05	0.00e+00	0.00e+00	0.00e+00	0.00e+00	0.00e+00
 1.72709e+18	9.76e-01	2.39e-02	2.23e-05	0.00e+00	0.00e+00	0.00e+00	0.00e+00	0.00e+00
 1.72728e+18	9.76e-01	2.39e-02	2.22e-05	0.00e+00	0.00e+00	0.00e+00	0.00e+00	0.00e+00
 1.72749e+18	9.76e-01	2.38e-02	2.21e-05	0.00e+00	0.00e+00	0.00e+00	0.00e+00	0.00e+00
 1.72775e+18	9.76e-01	2.35e-02	2.19e-05	0.00e+00	0.00e+00	0.00e+00	0.00e+00	0.00e+00
 1.72810e+18	9.84e-01	1.60e-02	1.57e-05	0.00e+00	0.00e+00	0.00e+00	0.00e+00	0.00e+00
 1.72848e+18	9.85e-01	1.46e-02	1.43e-05	0.00e+00	0.00e+00	0.00e+00	0.00e+00	0.00e+00
 1.72882e+18	9.86e-01	1.39e-02	1.36e-05	0.00e+00	0.00e+00	0.00e+00	0.00e+00	0.00e+00
 1.72913e+18	9.86e-01	1.35e-02	1.32e-05	0.00e+00	0.00e+00	0.00e+00	0.00e+00	0.00e+00
 1.72942e+18	9.87e-01	1.34e-02	1.31e-05	0.00e+00	0.00e+00	0.00e+00	0.00e+00	0.00e+00
 1.72973e+18	9.87e-01	1.31e-02	1.28e-05	0.00e+00	0.00e+00	0.00e+00	0.00e+00	0.00e+00
 1.73013e+18	9.87e-01	1.26e-02	1.23e-05	0.00e+00	0.00e+00	0.00e+00	0.00e+00	0.00e+00
 1.73057e+18	9.88e-01	1.21e-02	1.18e-05	0.00e+00	0.00e+00	0.00e+00	0.00e+00	0.00e+00
 1.73096e+18	9.88e-01	1.19e-02	1.16e-05	0.00e+00	0.00e+00	0.00e+00	0.00e+00	0.00e+00
 1.73140e+18	9.88e-01	1.17e-02	1.14e-05	0.00e+00	0.00e+00	0.00e+00	0.00e+00	0.00e+00
 1.73196e+18	9.89e-01	1.13e-02	1.10e-05	0.00e+00	0.00e+00	0.00e+00	0.00e+00	0.00e+00
 1.73257e+18	9.89e-01	1.07e-02	1.05e-05	0.00e+00	0.00e+00	0.00e+00	0.00e+00	0.00e+00
 1.73313e+18	9.89e-01	1.05e-02	1.03e-05	0.00e+00	0.00e+00	0.00e+00	0.00e+00	0.00e+00
 1.73374e+18	9.90e-01	1.03e-02	1.01e-05	0.00e+00	0.00e+00	0.00e+00	0.00e+00	0.00e+00
 1.73439e+18	9.90e-01	9.91e-03	9.71e-06	0.00e+00	0.00e+00	0.00e+00	0.00e+00	0.00e+00
 1.73499e+18	9.90e-01	9.72e-03	9.51e-06	0.00e+00	0.00e+00	0.00e+00	0.00e+00	0.00e+00
 1.73565e+18	9.90e-01	9.52e-03	9.30e-06	0.00e+00	0.00e+00	0.00e+00	0.00e+00	0.00e+00
 1.73635e+18	9.91e-01	9.12e-03	8.95e-06	0.00e+00	0.00e+00	0.00e+00	0.00e+00	0.00e+00
 1.73700e+18	9.91e-01	8.94e-03	8.75e-06	0.00e+00	0.00e+00	0.00e+00	0.00e+00	0.00e+00
 1.73770e+18	9.91e-01	8.75e-03	8.55e-06	0.00e+00	0.00e+00	0.00e+00	0.00e+00	0.00e+00
 1.73846e+18	9.92e-01	8.36e-03	8.22e-06	0.00e+00	0.00e+00	0.00e+00	0.00e+00	0.00e+00
 1.73916e+18	9.92e-01	8.18e-03	8.03e-06	0.00e+00	0.00e+00	0.00e+00	0.00e+00	0.00e+00
 1.73992e+18	9.92e-01	8.00e-03	7.83e-06	0.00e+00	0.00e+00	0.00e+00	0.00e+00	0.00e+00
 1.74074e+18	9.92e-01	7.63e-03	7.52e-06	0.00e+00	0.00e+00	0.00e+00	0.00e+00	0.00e+00
 1.74148e+18	9.93e-01	7.46e-03	7.34e-06	0.00e+00	0.00e+00	0.00e+00	0.00e+00	0.00e+00
 1.74216e+18	9.93e-01	7.31e-03	7.17e-06	0.00e+00	0.00e+00	0.00e+00	0.00e+00	0.00e+00
 1.74269e+18	9.93e-01	7.23e-03	7.09e-06	0.00e+00	0.00e+00	0.00e+00	0.00e+00	0.00e+00
 1.74307e+18	9.93e-01	7.26e-03	7.04e-06	0.00e+00	0.00e+00	0.00e+00	0.00e+00	0.00e+00
 1.74349e+18	9.93e-01	7.22e-03	6.99e-06	0.00e+00	0.00e+00	0.00e+00	0.00e+00	0.00e+00
 1.74402e+18	9.93e-01	7.03e-03	6.84e-06	0.00e+00	0.00e+00	0.00e+00	0.00e+00	0.00e+00
 1.74460e+18	9.93e-01	6.77e-03	6.62e-06	0.00e+00	0.00e+00	0.00e+00	0.00e+00	0.00e+00
 1.74512e+18	9.93e-01	6.69e-03	6.53e-06	0.00e+00	0.00e+00	0.00e+00	0.00e+00	0.00e+00
 1.74560e+18	9.93e-01	6.58e-03	6.41e-06	0.00e+00	0.00e+00	0.00e+00	0.00e+00	0.00e+00
 1.74599e+18	9.93e-01	6.53e-03	6.35e-06	0.00e+00	0.00e+00	0.00e+00	0.00e+00	0.00e+00
 1.74634e+18	9.93e-01	6.53e-03	6.31e-06	0.00e+00	0.00e+00	0.00e+00	0.00e+00	0.00e+00
 1.74677e+18	9.94e-01	6.44e-03	6.24e-06	0.00e+00	0.00e+00	0.00e+00	0.00e+00	0.00e+00
 1.74726e+18	9.94e-01	6.25e-03	6.09e-06	0.00e+00	0.00e+00	0.00e+00	0.00e+00	0.00e+00
 1.74774e+18	9.94e-01	6.11e-03	5.95e-06	0.00e+00	0.00e+00	0.00e+00	0.00e+00	0.00e+00
###########################
 1.89671e+14	5.81e-07	1.95e-03	2.28e-01	5.25e-01	1.97e-01	4.78e-02	2.22e-04	0.00e+00
 1.13802e+15	5.81e-07	1.95e-03	2.28e-01	5.25e-01	1.96e-01	4.76e-02	2.20e-04	1.96e-07
 4.93144e+15	5.82e-07	1.96e-03	2.30e-01	5.26e-01	1.95e-01	4.68e-02	2.16e-04	0.00e+00
 2.01051e+16	5.87e-07	1.98e-03	2.37e-01	5.27e-01	1.89e-01	4.43e-02	2.01e-04	0.00e+00
 4.80246e+16	6.21e-07	2.07e-03	2.52e-01	5.31e-01	1.76e-01	3.87e-02	1.67e-04	0.00e+00
 7.95808e+16	6.59e-07	2.15e-03	2.67e-01	5.32e-01	1.65e-01	3.41e-02	1.41e-04	0.00e+00
 1.14568e+17	7.05e-07	2.25e-03	2.83e-01	5.29e-01	1.55e-01	3.08e-02	1.24e-04	0.00e+00
 1.58756e+17	7.76e-07	2.42e-03	3.06e-01	5.23e-01	1.41e-01	2.71e-02	1.06e-04	0.00e+00
 2.16199e+17	8.80e-07	2.67e-03	3.37e-01	5.12e-01	1.25e-01	2.31e-02	8.83e-05	0.00e+00
 2.71899e+17	9.73e-07	2.90e-03	3.69e-01	4.97e-01	1.11e-01	1.98e-02	7.47e-05	0.00e+00
 3.13068e+17	1.09e-06	3.18e-03	3.99e-01	4.82e-01	9.91e-02	1.73e-02	6.41e-05	0.00e+00
 3.44657e+17	1.17e-06	3.37e-03	4.19e-01	4.70e-01	9.15e-02	1.59e-02	5.89e-05	0.00e+00
 3.76055e+17	1.28e-06	3.62e-03	4.42e-01	4.57e-01	8.36e-02	1.44e-02	5.36e-05	0.00e+00
 4.10335e+17	1.40e-06	3.91e-03	4.66e-01	4.42e-01	7.50e-02	1.29e-02	4.79e-05	0.00e+00
 4.40815e+17	1.53e-06	4.20e-03	4.88e-01	4.29e-01	6.77e-02	1.16e-02	4.30e-05	0.00e+00
 4.67167e+17	1.68e-06	4.49e-03	5.07e-01	4.17e-01	6.14e-02	1.05e-02	3.87e-05	0.00e+00
 4.91246e+17	1.83e-06	4.79e-03	5.24e-01	4.05e-01	5.58e-02	9.52e-03	3.49e-05	0.00e+00
 5.14332e+17	2.02e-06	5.15e-03	5.42e-01	3.94e-01	5.04e-02	8.54e-03	3.08e-05	0.00e+00
 5.36151e+17	2.26e-06	5.57e-03	5.60e-01	3.82e-01	4.52e-02	7.60e-03	2.68e-05	0.00e+00
 5.55765e+17	2.51e-06	5.99e-03	5.76e-01	3.70e-01	4.08e-02	6.80e-03	2.34e-05	0.00e+00
 5.73876e+17	2.81e-06	6.44e-03	5.91e-01	3.59e-01	3.68e-02	6.08e-03	2.04e-05	0.00e+00
 5.91642e+17	3.17e-06	6.96e-03	6.06e-01	3.48e-01	3.31e-02	5.41e-03	1.75e-05	0.00e+00
 6.09063e+17	3.59e-06	7.54e-03	6.21e-01	3.37e-01	2.97e-02	4.79e-03	1.49e-05	0.00e+00
 6.25676e+17	4.09e-06	8.18e-03	6.36e-01	3.25e-01	2.66e-02	4.24e-03	1.27e-05	0.00e+00
 6.41452e+17	4.67e-06	8.88e-03	6.50e-01	3.14e-01	2.39e-02	3.76e-03	1.08e-05	0.00e+00
 6.56822e+17	5.35e-06	9.63e-03	6.63e-01	3.02e-01	2.15e-02	3.33e-03	9.09e-06	0.00e+00
 6.74415e+17	6.30e-06	1.06e-02	6.79e-01	2.89e-01	1.90e-02	2.88e-03	7.42e-06	0.00e+00
 6.93003e+17	7.47e-06	1.18e-02	6.94e-01	2.75e-01	1.67e-02	2.48e-03	6.00e-06	0.00e+00
 7.09274e+17	8.71e-06	1.29e-02	7.06e-01	2.64e-01	1.49e-02	2.17e-03	4.96e-06	0.00e+00
 7.26818e+17	1.03e-05	1.42e-02	7.19e-01	2.51e-01	1.33e-02	1.88e-03	4.04e-06	0.00e+00
 7.49625e+17	1.28e-05	1.60e-02	7.35e-01	2.36e-01	1.15e-02	1.57e-03	3.11e-06	0.00e+00
 7.72639e+17	1.58e-05	1.81e-02	7.49e-01	2.22e-01	1.00e-02	1.32e-03	2.39e-06	0.00e+00
 7.90885e+17	1.85e-05	1.98e-02	7.58e-01	2.12e-01	9.16e-03	1.16e-03	1.98e-06	0.00e+00
 8.09566e+17	2.18e-05	2.16e-02	7.67e-01	2.02e-01	8.38e-03	1.02e-03	1.64e-06	0.00e+00
 8.28177e+17	2.53e-05	2.35e-02	7.75e-01	1.93e-01	7.72e-03	9.05e-04	1.37e-06	0.00e+00
 8.42989e+17	2.83e-05	2.50e-02	7.80e-01	1.87e-01	7.32e-03	8.31e-04	1.21e-06	0.00e+00
 8.58537e+17	3.20e-05	2.68e-02	7.85e-01	1.80e-01	6.90e-03	7.55e-04	1.05e-06	0.00e+00
 8.78749e+17	3.76e-05	2.93e-02	7.91e-01	1.72e-01	6.42e-03	6.68e-04	8.74e-07	0.00e+00
 8.98918e+17	4.38e-05	3.18e-02	7.97e-01	1.65e-01	6.01e-03	5.95e-04	0.00e+00	0.00e+00
 9.14702e+17	4.93e-05	3.40e-02	8.00e-01	1.59e-01	5.75e-03	5.44e-04	0.00e+00	0.00e+00
 9.30892e+17	5.61e-05	3.65e-02	8.04e-01	1.54e-01	5.49e-03	4.95e-04	0.00e+00	0.00e+00
 9.48665e+17	6.46e-05	3.95e-02	8.07e-01	1.47e-01	5.22e-03	4.45e-04	0.00e+00	0.00e+00
 9.64568e+17	7.33e-05	4.25e-02	8.10e-01	1.42e-01	5.00e-03	4.04e-04	0.00e+00	0.00e+00
 9.78652e+17	8.23e-05	4.53e-02	8.12e-01	1.37e-01	4.82e-03	3.71e-04	0.00e+00	0.00e+00
 9.94301e+17	9.43e-05	4.90e-02	8.14e-01	1.32e-01	4.62e-03	3.35e-04	0.00e+00	0.00e+00
 1.01073e+18	1.09e-04	5.32e-02	8.16e-01	1.26e-01	4.41e-03	3.00e-04	0.00e+00	0.00e+00
 1.02438e+18	1.23e-04	5.70e-02	8.17e-01	1.21e-01	4.26e-03	2.73e-04	0.00e+00	0.00e+00
 1.03635e+18	1.37e-04	6.09e-02	8.18e-01	1.17e-01	4.11e-03	2.50e-04	0.00e+00	0.00e+00
 1.04991e+18	1.58e-04	6.61e-02	8.18e-01	1.11e-01	3.93e-03	2.24e-04	0.00e+00	0.00e+00
 1.06391e+18	1.83e-04	7.19e-02	8.18e-01	1.06e-01	3.75e-03	1.99e-04	0.00e+00	0.00e+00
 1.07534e+18	2.06e-04	7.74e-02	8.18e-01	1.01e-01	3.61e-03	1.80e-04	0.00e+00	0.00e+00
 1.08532e+18	2.31e-04	8.26e-02	8.17e-01	9.68e-02	3.48e-03	1.64e-04	0.00e+00	0.00e+00
 1.09658e+18	2.65e-04	8.97e-02	8.15e-01	9.15e-02	3.31e-03	1.45e-04	0.00e+00	0.00e+00
 1.10842e+18	3.07e-04	9.80e-02	8.12e-01	8.61e-02	3.14e-03	1.28e-04	0.00e+00	0.00e+00
 1.11834e+18	3.50e-04	1.06e-01	8.09e-01	8.14e-02	3.00e-03	1.14e-04	0.00e+00	0.00e+00
 1.12703e+18	3.94e-04	1.14e-01	8.06e-01	7.72e-02	2.86e-03	1.02e-04	0.00e+00	0.00e+00
 1.13678e+18	4.54e-04	1.24e-01	8.01e-01	7.22e-02	2.71e-03	8.94e-05	0.00e+00	0.00e+00
 1.14714e+18	5.31e-04	1.36e-01	7.94e-01	6.69e-02	2.54e-03	7.71e-05	0.00e+00	0.00e+00
 1.15592e+18	6.10e-04	1.47e-01	7.87e-01	6.24e-02	2.39e-03	6.73e-05	0.00e+00	0.00e+00
 1.16354e+18	6.92e-04	1.59e-01	7.80e-01	5.83e-02	2.26e-03	5.93e-05	0.00e+00	0.00e+00
 1.17204e+18	8.01e-04	1.73e-01	7.70e-01	5.38e-02	2.11e-03	5.11e-05	0.00e+00	0.00e+00
 1.18122e+18	9.48e-04	1.91e-01	7.57e-01	4.88e-02	1.94e-03	4.26e-05	0.00e+00	0.00e+00
 1.18913e+18	1.10e-03	2.09e-01	7.44e-01	4.46e-02	1.80e-03	3.63e-05	0.00e+00	0.00e+00
 1.19599e+18	1.26e-03	2.26e-01	7.30e-01	4.08e-02	1.67e-03	3.10e-05	0.00e+00	0.00e+00
 1.20367e+18	1.48e-03	2.48e-01	7.12e-01	3.66e-02	1.52e-03	2.57e-05	0.00e+00	0.00e+00
 1.21201e+18	1.78e-03	2.76e-01	6.89e-01	3.21e-02	1.36e-03	2.05e-05	0.00e+00	0.00e+00
 1.21932e+18	2.11e-03	3.03e-01	6.65e-01	2.82e-02	1.21e-03	1.65e-05	0.00e+00	0.00e+00
 1.22577e+18	2.46e-03	3.30e-01	6.41e-01	2.49e-02	1.09e-03	1.34e-05	0.00e+00	0.00e+00
 1.23301e+18	2.96e-03	3.65e-01	6.10e-01	2.13e-02	9.49e-04	1.04e-05	0.00e+00	0.00e+00
 1.24073e+18	3.62e-03	4.07e-01	5.71e-01	1.76e-02	8.04e-04	7.68e-06	0.00e+00	0.00e+00
 1.24720e+18	4.32e-03	4.46e-01	5.34e-01	1.47e-02	6.85e-04	5.78e-06	0.00e+00	0.00e+00
 1.25263e+18	5.05e-03	4.82e-01	5.00e-01	1.25e-02	5.90e-04	4.46e-06	0.00e+00	0.00e+00
 1.25855e+18	6.02e-03	5.25e-01	4.59e-01	1.01e-02	4.90e-04	3.25e-06	0.00e+00	0.00e+00
 1.26494e+18	7.31e-03	5.74e-01	4.10e-01	7.90e-03	3.90e-04	2.23e-06	0.00e+00	0.00e+00
 1.27043e+18	8.69e-03	6.19e-01	3.65e-01	6.19e-03	3.11e-04	1.55e-06	0.00e+00	0.00e+00
 1.27509e+18	1.01e-02	6.59e-01	3.26e-01	4.91e-03	2.50e-04	1.10e-06	0.00e+00	0.00e+00
 1.28017e+18	1.20e-02	7.03e-01	2.81e-01	3.72e-03	1.91e-04	7.30e-07	0.00e+00	0.00e+00
 1.28510e+18	1.42e-02	7.45e-01	2.38e-01	2.76e-03	1.43e-04	0.00e+00	0.00e+00	0.00e+00
 1.28858e+18	1.61e-02	7.74e-01	2.08e-01	2.19e-03	1.13e-04	0.00e+00	0.00e+00	0.00e+00
 1.29128e+18	1.78e-02	7.96e-01	1.85e-01	1.80e-03	9.25e-05	0.00e+00	0.00e+00	0.00e+00
 1.29425e+18	2.00e-02	8.18e-01	1.60e-01	1.44e-03	7.31e-05	0.00e+00	0.00e+00	0.00e+00
 1.29753e+18	2.27e-02	8.42e-01	1.35e-01	1.11e-03	5.48e-05	0.00e+00	0.00e+00	0.00e+00
 1.30043e+18	2.55e-02	8.60e-01	1.14e-01	8.74e-04	4.19e-05	0.00e+00	0.00e+00	0.00e+00
 1.30285e+18	2.83e-02	8.74e-01	9.71e-02	7.06e-04	3.25e-05	0.00e+00	0.00e+00	0.00e+00
 1.30510e+18	3.12e-02	8.85e-01	8.31e-02	5.81e-04	2.55e-05	0.00e+00	0.00e+00	0.00e+00
 1.30767e+18	3.51e-02	8.96e-01	6.81e-02	4.58e-04	1.87e-05	0.00e+00	0.00e+00	0.00e+00
 1.31033e+18	3.99e-02	9.05e-01	5.45e-02	3.59e-04	1.33e-05	0.00e+00	0.00e+00	0.00e+00
 1.31250e+18	4.46e-02	9.10e-01	4.47e-02	2.95e-04	9.80e-06	0.00e+00	0.00e+00	0.00e+00
 1.31433e+18	4.92e-02	9.13e-01	3.73e-02	2.49e-04	7.46e-06	0.00e+00	0.00e+00	0.00e+00
 1.31638e+18	5.53e-02	9.15e-01	3.00e-02	2.07e-04	5.40e-06	0.00e+00	0.00e+00	0.00e+00
 1.31864e+18	6.33e-02	9.13e-01	2.31e-02	1.70e-04	3.69e-06	0.00e+00	0.00e+00	0.00e+00
 1.32067e+18	7.21e-02	9.10e-01	1.79e-02	1.42e-04	2.55e-06	0.00e+00	0.00e+00	0.00e+00
 1.32248e+18	8.16e-02	9.04e-01	1.41e-02	1.22e-04	1.80e-06	0.00e+00	0.00e+00	0.00e+00
 1.32415e+18	9.19e-02	8.97e-01	1.11e-02	1.06e-04	1.29e-06	0.00e+00	0.00e+00	0.00e+00
 1.32563e+18	1.03e-01	8.88e-01	8.86e-03	9.34e-05	9.38e-07	0.00e+00	0.00e+00	0.00e+00
 1.32691e+18	1.13e-01	8.79e-01	7.23e-03	8.40e-05	0.00e+00	0.00e+00	0.00e+00	0.00e+00
 1.32802e+18	1.24e-01	8.70e-01	6.01e-03	7.66e-05	0.00e+00	0.00e+00	0.00e+00	0.00e+00
 1.32904e+18	1.35e-01	8.60e-01	5.04e-03	7.03e-05	0.00e+00	0.00e+00	0.00e+00	0.00e+00
 1.33001e+18	1.47e-01	8.49e-01	4.24e-03	6.49e-05	0.00e+00	0.00e+00	0.00e+00	0.00e+00
 1.33092e+18	1.58e-01	8.38e-01	3.59e-03	6.02e-05	0.00e+00	0.00e+00	0.00e+00	0.00e+00
 1.33161e+18	1.68e-01	8.29e-01	3.16e-03	5.68e-05	0.00e+00	0.00e+00	0.00e+00	0.00e+00
 1.33206e+18	1.74e-01	8.23e-01	2.92e-03	5.50e-05	0.00e+00	0.00e+00	0.00e+00	0.00e+00
 1.33250e+18	1.81e-01	8.16e-01	2.67e-03	5.29e-05	0.00e+00	0.00e+00	0.00e+00	0.00e+00
 1.33302e+18	1.90e-01	8.07e-01	2.41e-03	5.06e-05	0.00e+00	0.00e+00	0.00e+00	0.00e+00
 1.33357e+18	2.00e-01	7.98e-01	2.16e-03	4.83e-05	0.00e+00	0.00e+00	0.00e+00	0.00e+00
 1.33407e+18	2.09e-01	7.89e-01	1.96e-03	4.62e-05	0.00e+00	0.00e+00	0.00e+00	0.00e+00
 1.33454e+18	2.18e-01	7.80e-01	1.78e-03	4.45e-05	0.00e+00	0.00e+00	0.00e+00	0.00e+00
 1.33500e+18	2.27e-01	7.71e-01	1.62e-03	4.27e-05	0.00e+00	0.00e+00	0.00e+00	0.00e+00
 1.33548e+18	2.37e-01	7.61e-01	1.47e-03	4.10e-05	0.00e+00	0.00e+00	0.00e+00	0.00e+00
 1.33595e+18	2.48e-01	7.51e-01	1.33e-03	3.93e-05	0.00e+00	0.00e+00	0.00e+00	0.00e+00
 1.33642e+18	2.58e-01	7.41e-01	1.21e-03	3.77e-05	0.00e+00	0.00e+00	0.00e+00	0.00e+00
 1.33687e+18	2.69e-01	7.30e-01	1.10e-03	3.63e-05	0.00e+00	0.00e+00	0.00e+00	0.00e+00
 1.33733e+18	2.80e-01	7.19e-01	9.98e-04	3.48e-05	0.00e+00	0.00e+00	0.00e+00	0.00e+00
 1.33779e+18	2.92e-01	7.08e-01	9.06e-04	3.34e-05	0.00e+00	0.00e+00	0.00e+00	0.00e+00
 1.33824e+18	3.03e-01	6.96e-01	8.25e-04	3.21e-05	0.00e+00	0.00e+00	0.00e+00	0.00e+00
 1.33869e+18	3.15e-01	6.84e-01	7.52e-04	3.08e-05	0.00e+00	0.00e+00	0.00e+00	0.00e+00
 1.33914e+18	3.28e-01	6.72e-01	6.85e-04	2.96e-05	0.00e+00	0.00e+00	0.00e+00	0.00e+00
 1.33959e+18	3.40e-01	6.59e-01	6.24e-04	2.84e-05	0.00e+00	0.00e+00	0.00e+00	0.00e+00
 1.34005e+18	3.53e-01	6.47e-01	5.71e-04	2.73e-05	0.00e+00	0.00e+00	0.00e+00	0.00e+00
 1.34051e+18	3.66e-01	6.33e-01	5.21e-04	2.61e-05	0.00e+00	0.00e+00	0.00e+00	0.00e+00
 1.34097e+18	3.79e-01	6.20e-01	4.78e-04	2.51e-05	0.00e+00	0.00e+00	0.00e+00	0.00e+00
 1.34143e+18	3.93e-01	6.06e-01	4.37e-04	2.40e-05	0.00e+00	0.00e+00	0.00e+00	0.00e+00
 1.34189e+18	4.07e-01	5.93e-01	4.03e-04	2.31e-05	0.00e+00	0.00e+00	0.00e+00	0.00e+00
 1.34236e+18	4.21e-01	5.79e-01	3.70e-04	2.21e-05	0.00e+00	0.00e+00	0.00e+00	0.00e+00
 1.34282e+18	4.34e-01	5.66e-01	3.43e-04	2.13e-05	0.00e+00	0.00e+00	0.00e+00	0.00e+00
 1.34330e+18	4.48e-01	5.51e-01	3.17e-04	2.04e-05	0.00e+00	0.00e+00	0.00e+00	0.00e+00
 1.34378e+18	4.62e-01	5.38e-01	2.95e-04	1.97e-05	0.00e+00	0.00e+00	0.00e+00	0.00e+00
 1.34426e+18	4.76e-01	5.24e-01	2.75e-04	1.88e-05	0.00e+00	0.00e+00	0.00e+00	0.00e+00
 1.34475e+18	4.89e-01	5.11e-01	2.58e-04	1.81e-05	0.00e+00	0.00e+00	0.00e+00	0.00e+00
 1.34527e+18	5.03e-01	4.97e-01	2.41e-04	1.74e-05	0.00e+00	0.00e+00	0.00e+00	0.00e+00
 1.34581e+18	5.16e-01	4.84e-01	2.27e-04	1.67e-05	0.00e+00	0.00e+00	0.00e+00	0.00e+00
 1.34635e+18	5.29e-01	4.71e-01	2.14e-04	1.60e-05	0.00e+00	0.00e+00	0.00e+00	0.00e+00
 1.34687e+18	5.41e-01	4.59e-01	2.04e-04	1.55e-05	0.00e+00	0.00e+00	0.00e+00	0.00e+00
 1.34744e+18	5.53e-01	4.46e-01	1.93e-04	1.49e-05	0.00e+00	0.00e+00	0.00e+00	0.00e+00
 1.34806e+18	5.65e-01	4.34e-01	1.85e-04	1.44e-05	0.00e+00	0.00e+00	0.00e+00	0.00e+00
 1.34871e+18	5.76e-01	4.23e-01	1.77e-04	1.39e-05	0.00e+00	0.00e+00	0.00e+00	0.00e+00
 1.34946e+18	5.88e-01	4.11e-01	1.69e-04	1.33e-05	0.00e+00	0.00e+00	0.00e+00	0.00e+00
 1.35033e+18	6.00e-01	4.00e-01	1.62e-04	1.28e-05	0.00e+00	0.00e+00	0.00e+00	0.00e+00
 1.35133e+18	6.11e-01	3.89e-01	1.57e-04	1.24e-05	0.00e+00	0.00e+00	0.00e+00	0.00e+00
 1.35242e+18	6.21e-01	3.79e-01	1.51e-04	1.20e-05	0.00e+00	0.00e+00	0.00e+00	0.00e+00
 1.35348e+18	6.28e-01	3.72e-01	1.48e-04	1.17e-05	0.00e+00	0.00e+00	0.00e+00	0.00e+00
 1.35453e+18	6.33e-01	3.67e-01	1.45e-04	1.15e-05	0.00e+00	0.00e+00	0.00e+00	0.00e+00
 1.35556e+18	6.38e-01	3.62e-01	1.43e-04	1.13e-05	0.00e+00	0.00e+00	0.00e+00	0.00e+00
 1.35659e+18	6.42e-01	3.58e-01	1.41e-04	1.11e-05	0.00e+00	0.00e+00	0.00e+00	0.00e+00
 1.35776e+18	6.45e-01	3.54e-01	1.40e-04	1.10e-05	0.00e+00	0.00e+00	0.00e+00	0.00e+00
 1.35928e+18	6.49e-01	3.50e-01	1.38e-04	1.08e-05	0.00e+00	0.00e+00	0.00e+00	0.00e+00
 1.36126e+18	6.54e-01	3.45e-01	1.36e-04	1.06e-05	0.00e+00	0.00e+00	0.00e+00	0.00e+00
 1.36384e+18	6.59e-01	3.41e-01	1.34e-04	1.04e-05	0.00e+00	0.00e+00	0.00e+00	0.00e+00
 1.36718e+18	6.65e-01	3.34e-01	1.31e-04	1.02e-05	0.00e+00	0.00e+00	0.00e+00	0.00e+00
 1.37153e+18	6.73e-01	3.27e-01	1.28e-04	9.83e-06	0.00e+00	0.00e+00	0.00e+00	0.00e+00
 1.37719e+18	6.83e-01	3.17e-01	1.24e-04	9.46e-06	0.00e+00	0.00e+00	0.00e+00	0.00e+00
 1.38454e+18	6.95e-01	3.05e-01	1.20e-04	8.97e-06	0.00e+00	0.00e+00	0.00e+00	0.00e+00
 1.39410e+18	7.09e-01	2.91e-01	1.14e-04	8.40e-06	0.00e+00	0.00e+00	0.00e+00	0.00e+00
 1.40509e+18	7.25e-01	2.75e-01	1.09e-04	7.80e-06	0.00e+00	0.00e+00	0.00e+00	0.00e+00
 1.41709e+18	7.42e-01	2.58e-01	1.03e-04	7.17e-06	0.00e+00	0.00e+00	0.00e+00	0.00e+00
 1.43001e+18	7.61e-01	2.39e-01	9.75e-05	6.51e-06	0.00e+00	0.00e+00	0.00e+00	0.00e+00
 1.44298e+18	7.78e-01	2.22e-01	9.23e-05	5.91e-06	0.00e+00	0.00e+00	0.00e+00	0.00e+00
 1.45572e+18	7.90e-01	2.10e-01	8.79e-05	5.46e-06	0.00e+00	0.00e+00	0.00e+00	0.00e+00
 1.46877e+18	8.05e-01	1.95e-01	8.42e-05	4.94e-06	0.00e+00	0.00e+00	0.00e+00	0.00e+00
 1.48190e+18	8.21e-01	1.79e-01	7.97e-05	4.44e-06	0.00e+00	0.00e+00	0.00e+00	0.00e+00
 1.49407e+18	8.34e-01	1.66e-01	7.57e-05	4.02e-06	0.00e+00	0.00e+00	0.00e+00	0.00e+00
 1.50553e+18	8.46e-01	1.53e-01	7.22e-05	3.65e-06	0.00e+00	0.00e+00	0.00e+00	0.00e+00
 1.51691e+18	8.59e-01	1.41e-01	6.87e-05	3.29e-06	0.00e+00	0.00e+00	0.00e+00	0.00e+00
 1.52793e+18	8.70e-01	1.30e-01	6.53e-05	2.97e-06	0.00e+00	0.00e+00	0.00e+00	0.00e+00
 1.53858e+18	8.80e-01	1.20e-01	6.22e-05	2.68e-06	0.00e+00	0.00e+00	0.00e+00	0.00e+00
 1.54929e+18	8.90e-01	1.10e-01	5.91e-05	2.40e-06	0.00e+00	0.00e+00	0.00e+00	0.00e+00
 1.55973e+18	9.00e-01	1.00e-01	5.61e-05	2.15e-06	0.00e+00	0.00e+00	0.00e+00	0.00e+00
 1.56705e+18	9.06e-01	9.40e-02	5.40e-05	1.98e-06	0.00e+00	0.00e+00	0.00e+00	0.00e+00
 1.57065e+18	9.06e-01	9.40e-02	5.35e-05	1.97e-06	0.00e+00	0.00e+00	0.00e+00	0.00e+00
 1.57369e+18	9.07e-01	9.29e-02	5.30e-05	1.94e-06	0.00e+00	0.00e+00	0.00e+00	0.00e+00
 1.57764e+18	9.11e-01	8.88e-02	5.17e-05	1.83e-06	0.00e+00	0.00e+00	0.00e+00	0.00e+00
 1.58171e+18	9.15e-01	8.46e-02	5.04e-05	1.73e-06	0.00e+00	0.00e+00	0.00e+00	0.00e+00
 1.58492e+18	9.17e-01	8.29e-02	4.97e-05	1.68e-06	0.00e+00	0.00e+00	0.00e+00	0.00e+00
 1.58809e+18	9.19e-01	8.10e-02	4.90e-05	1.63e-06	0.00e+00	0.00e+00	0.00e+00	0.00e+00
 1.59221e+18	9.23e-01	7.65e-02	4.75e-05	1.53e-06	0.00e+00	0.00e+00	0.00e+00	0.00e+00
 1.59593e+18	9.27e-01	7.26e-02	4.61e-05	1.43e-06	0.00e+00	0.00e+00	0.00e+00	0.00e+00
 1.59822e+18	9.28e-01	7.20e-02	4.57e-05	1.42e-06	0.00e+00	0.00e+00	0.00e+00	0.00e+00
 1.60027e+18	9.29e-01	7.14e-02	4.53e-05	1.39e-06	0.00e+00	0.00e+00	0.00e+00	0.00e+00
 1.60293e+18	9.31e-01	6.93e-02	4.46e-05	1.35e-06	0.00e+00	0.00e+00	0.00e+00	0.00e+00
 1.60582e+18	9.33e-01	6.69e-02	4.36e-05	1.29e-06	0.00e+00	0.00e+00	0.00e+00	0.00e+00
 1.60861e+18	9.34e-01	6.59e-02	4.32e-05	1.26e-06	0.00e+00	0.00e+00	0.00e+00	0.00e+00
 1.61184e+18	9.36e-01	6.42e-02	4.26e-05	1.22e-06	0.00e+00	0.00e+00	0.00e+00	0.00e+00
 1.61554e+18	9.39e-01	6.08e-02	4.13e-05	1.15e-06	0.00e+00	0.00e+00	0.00e+00	0.00e+00
 1.61855e+18	9.42e-01	5.83e-02	4.03e-05	1.09e-06	0.00e+00	0.00e+00	0.00e+00	0.00e+00
 1.62044e+18	9.42e-01	5.79e-02	4.00e-05	1.08e-06	0.00e+00	0.00e+00	0.00e+00	0.00e+00
 1.62217e+18	9.43e-01	5.73e-02	3.96e-05	1.06e-06	0.00e+00	0.00e+00	0.00e+00	0.00e+00
 1.62441e+18	9.44e-01	5.58e-02	3.91e-05	1.03e-06	0.00e+00	0.00e+00	0.00e+00	0.00e+00
 1.62714e+18	9.47e-01	5.31e-02	3.80e-05	9.69e-07	0.00e+00	0.00e+00	0.00e+00	0.00e+00
 1.62946e+18	9.49e-01	5.09e-02	3.71e-05	0.00e+00	0.00e+00	0.00e+00	0.00e+00	0.00e+00
 1.63087e+18	9.49e-01	5.07e-02	3.69e-05	0.00e+00	0.00e+00	0.00e+00	0.00e+00	0.00e+00
 1.63214e+18	9.49e-01	5.05e-02	3.67e-05	0.00e+00	0.00e+00	0.00e+00	0.00e+00	0.00e+00
 1.63380e+18	9.51e-01	4.94e-02	3.63e-05	0.00e+00	0.00e+00	0.00e+00	0.00e+00	0.00e+00
 1.63587e+18	9.53e-01	4.71e-02	3.53e-05	0.00e+00	0.00e+00	0.00e+00	0.00e+00	0.00e+00
 1.63769e+18	9.55e-01	4.51e-02	3.44e-05	0.00e+00	0.00e+00	0.00e+00	0.00e+00	0.00e+00
 1.63880e+18	9.55e-01	4.48e-02	3.41e-05	0.00e+00	0.00e+00	0.00e+00	0.00e+00	0.00e+00
 1.63976e+18	9.55e-01	4.47e-02	3.40e-05	0.00e+00	0.00e+00	0.00e+00	0.00e+00	0.00e+00
 1.64101e+18	9.56e-01	4.39e-02	3.37e-05	0.00e+00	0.00e+00	0.00e+00	0.00e+00	0.00e+00
 1.64263e+18	9.58e-01	4.19e-02	3.28e-05	0.00e+00	0.00e+00	0.00e+00	0.00e+00	0.00e+00
 1.64408e+18	9.60e-01	4.02e-02	3.20e-05	0.00e+00	0.00e+00	0.00e+00	0.00e+00	0.00e+00
 1.64493e+18	9.60e-01	4.00e-02	3.18e-05	0.00e+00	0.00e+00	0.00e+00	0.00e+00	0.00e+00
 1.64566e+18	9.60e-01	3.99e-02	3.16e-05	0.00e+00	0.00e+00	0.00e+00	0.00e+00	0.00e+00
 1.64662e+18	9.61e-01	3.92e-02	3.13e-05	0.00e+00	0.00e+00	0.00e+00	0.00e+00	0.00e+00
 1.64786e+18	9.62e-01	3.76e-02	3.06e-05	0.00e+00	0.00e+00	0.00e+00	0.00e+00	0.00e+00
 1.64900e+18	9.64e-01	3.55e-02	2.95e-05	0.00e+00	0.00e+00	0.00e+00	0.00e+00	0.00e+00
 1.64966e+18	9.65e-01	3.54e-02	2.94e-05	0.00e+00	0.00e+00	0.00e+00	0.00e+00	0.00e+00
 1.65015e+18	9.65e-01	3.54e-02	2.93e-05	0.00e+00	0.00e+00	0.00e+00	0.00e+00	0.00e+00
 1.65078e+18	9.65e-01	3.49e-02	2.91e-05	0.00e+00	0.00e+00	0.00e+00	0.00e+00	0.00e+00
 1.65161e+18	9.66e-01	3.42e-02	2.87e-05	0.00e+00	0.00e+00	0.00e+00	0.00e+00	0.00e+00
 1.65269e+18	9.68e-01	3.23e-02	2.77e-05	0.00e+00	0.00e+00	0.00e+00	0.00e+00	0.00e+00
 1.65361e+18	9.69e-01	3.05e-02	2.67e-05	0.00e+00	0.00e+00	0.00e+00	0.00e+00	0.00e+00
 1.65409e+18	9.70e-01	3.04e-02	2.65e-05	0.00e+00	0.00e+00	0.00e+00	0.00e+00	0.00e+00
 1.65448e+18	9.70e-01	3.03e-02	2.64e-05	0.00e+00	0.00e+00	0.00e+00	0.00e+00	0.00e+00
